50
4
0 0
0 10
2 10
2 0
22
-5 -1
4 -1
1 7
17 8
15 8
1 15
9 15
31 12
17 18
19 12
-5 7
15 18
9 -8
19 8
20 -8
11 10
9 -4
20 0
11 8
31 0
4 -4
9 10
12
0 0
0 28
7 28
7 16
7 0
7 9
13 9
13 0
13 16
13 28
15 28
15 0
4
-10000 10000
-10000 -10000
10000 -10000
10000 10000
4
-2 -2
-2 -1
-1 -2
-1 -1
10
-4614 143
-4591 852
-4592 717
-4663 373
-4591 717
-4592 133
-4639 373
-4614 133
-4639 852
-4663 143
10
-9854 785
-9833 -679
-9854 109
-9833 -263
-9875 195
-9828 -263
-9854 -679
-9828 785
-9875 109
-9854 195
10
-7747 -313
-7747 181
-7747 -148
-7776 -199
-7726 -148
-7776 181
-7726 460
-7747 460
-7773 -199
-7773 -313
10
-5484 58
-5473 584
-5473 -289
-5473 58
-5447 584
-5484 393
-5453 -334
-5447 -334
-5473 393
-5453 -289
10
-9470 246
-9454 -195
-9492 246
-9453 794
-9501 -19
-9453 -195
-9454 -19
-9501 133
-9470 794
-9492 133
10
-9016 338
-8961 631
-8989 790
-8989 338
-8961 -717
-8944 631
-9016 175
-8944 790
-8979 -717
-8979 175
10
-362 40
-294 327
-320 -57
-333 40
-333 327
-333 203
-294 -512
-320 -512
-362 203
-333 -57
10
-7100 -11
-7129 -897
-7122 0
-7122 -879
-7122 -11
-7142 -52
-7142 0
-7100 -879
-7122 -897
-7129 -52
10
-5650 195
-5647 195
-5639 275
-5613 417
-5639 550
-5595 417
-5650 -98
-5647 550
-5595 -98
-5613 275
10
-3791 36
-3762 67
-3762 36
-3747 -120
-3762 204
-3753 -314
-3762 -314
-3791 67
-3753 -120
-3747 204
50
-6564 -441
-6795 151
-6801 160
-6801 -193
-6581 897
-6469 398
-6639 -116
-6481 385
-6795 160
-6705 -680
-6801 66
-6511 897
-6727 748
-6727 -297
-6652 -611
-6481 398
-6511 385
-6806 66
-6740 -616
-6564 64
-6834 174
-6481 -374
-6705 -452
-6758 748
-6716 -297
-6442 -374
-6609 -116
-6652 224
-6705 -228
-6540 -329
-6680 -452
-6768 -193
-6768 -470
-6442 840
-6680 685
-6581 685
-6469 840
-6705 -611
-6727 -616
-6806 174
-6740 -470
-6834 205
-6801 205
-6639 224
-6609 64
-6540 -441
-6727 -228
-6481 -329
-6758 151
-6716 -680
50
-5376 1340
-5379 209
-5432 318
-5193 485
-5307 719
-5376 737
-5351 -355
-5303 63
-5460 154
-5394 209
-5259 -643
-5285 63
-5303 407
-5432 251
-5285 -840
-5370 859
-5259 -840
-5394 571
-5210 -359
-5400 -617
-5376 394
-5303 -301
-5432 801
-5370 925
-5326 719
-5230 -643
-5370 737
-5400 571
-5460 318
-5307 -301
-5230 -359
-5394 1386
-5303 114
-5307 -355
-5230 -763
-5379 1340
-5379 394
-5376 859
-5432 154
-5351 333
-5394 801
-5326 925
-5193 -763
-5413 -617
-5370 333
-5307 407
-5379 1386
-5413 251
-5210 485
-5230 114
50
-3142 460
-3255 -161
-3202 46
-3272 735
-3163 -223
-3104 370
-3311 226
-3163 -85
-3142 1081
-3228 -763
-3311 95
-3147 -85
-3104 1177
-3120 1081
-3089 351
-3187 702
-3283 -302
-3239 68
-3142 740
-3089 370
-3239 -641
-3233 34
-3239 34
-3239 252
-3264 735
-3187 123
-3163 550
-3147 241
-3187 -763
-3228 51
-3120 1177
-3233 51
-3277 -961
-3120 460
-3255 252
-3185 550
-3212 46
-3120 351
-3202 702
-3272 226
-3264 -161
-3277 -302
-3187 -223
-3283 95
-3185 123
-3163 740
-3212 68
-3142 241
-3262 -641
-3262 -961
50
-3108 -68
-3088 509
-2953 136
-2985 1107
-3121 373
-3060 509
-2944 650
-2964 512
-2953 512
-3021 743
-3088 737
-3004 712
-2922 527
-2945 136
-3057 261
-3001 1107
-2945 109
-2964 997
-3001 743
-3147 373
-3121 991
-3001 416
-2964 1309
-2924 672
-3021 712
-3088 -68
-2964 416
-3004 694
-3001 694
-3121 -399
-3060 39
-3057 737
-3057 815
-3021 815
-3108 -399
-2985 997
-3147 -1
-2929 109
-3028 402
-3028 261
-3021 402
-2944 1309
-2929 650
-2924 906
-2929 527
-2929 906
-3057 39
-3121 -1
-3088 991
-2922 672
50
-4633 799
-4759 -129
-4818 325
-4779 807
-4744 -13
-4825 18
-4655 105
-4759 807
-4711 -13
-4744 403
-4670 -803
-4818 54
-4670 493
-4627 -640
-4759 -565
-4655 493
-4586 -674
-4605 -640
-4829 142
-4633 848
-4687 848
-4744 461
-4825 -43
-4769 -953
-4769 -565
-4759 461
-4782 -570
-4819 -226
-4825 142
-4687 759
-4797 -570
-4819 18
-4779 684
-4817 684
-4797 -508
-4711 -803
-4817 54
-4818 -508
-4818 -829
-4825 -226
-4627 105
-4730 403
-4586 799
-4730 759
-4819 325
-4819 -829
-4829 -43
-4782 -953
-4605 -674
-4744 -129
50
-3249 281
-3385 -839
-3306 -795
-3432 213
-3319 -103
-3432 150
-3344 718
-3432 -732
-3344 -103
-3465 840
-3344 116
-3259 281
-3387 -339
-3285 70
-3285 -795
-3362 718
-3259 -491
-3465 50
-3387 490
-3344 -839
-3285 124
-3456 150
-3414 -339
-3456 840
-3315 -845
-3362 488
-3319 -845
-3315 882
-3385 465
-3414 -732
-3387 465
-3332 882
-3456 213
-3259 70
-3414 490
-3249 427
-3387 488
-3315 124
-3432 870
-3494 50
-3414 870
-3259 -627
-3229 427
-3456 -140
-3229 -491
-3285 -627
-3494 -140
-3315 -258
-3332 116
-3306 -258
50
-5124 19
-4957 -287
-5124 852
-5003 70
-4912 731
-4912 345
-4912 -248
-4949 -248
-4914 345
-5115 852
-4957 661
-4914 21
-5103 -109
-5003 674
-5115 727
-5124 166
-4895 145
-4929 661
-5048 483
-4982 -88
-5097 -133
-5097 -109
-5109 -897
-5021 -584
-4895 731
-5109 242
-4949 75
-4997 674
-5048 -584
-4912 145
-5076 506
-4957 216
-4997 935
-4957 75
-5076 483
-5076 -133
-5124 -336
-5021 -88
-5115 -336
-5076 727
-5021 506
-5115 242
-4929 21
-5103 -897
-4993 216
-4993 935
-5021 70
-4982 -287
-5131 19
-5131 166
50
-5092 899
-5156 -220
-5050 359
-5168 -339
-5057 86
-5132 -507
-5222 -952
-5075 -213
-5186 -123
-5209 -123
-5123 -87
-5138 -220
-5209 -447
-5050 86
-5132 -87
-5050 325
-5252 -110
-5156 -292
-5075 899
-5017 359
-5168 -447
-5030 261
-5104 49
-5186 -139
-5138 -650
-5075 734
-5156 -339
-5168 -139
-5057 734
-5209 -630
-5138 -332
-5252 -952
-5057 -213
-5132 -332
-5132 -864
-5168 -292
-5138 -507
-5209 65
-5017 -16
-5104 566
-5050 261
-5277 -110
-5030 -16
-5123 49
-5075 -864
-5057 325
-5092 566
-5222 -630
-5277 65
-5156 -650
50
-3000 342
-2914 329
-2914 -320
-2883 14
-3007 201
-2864 265
-2842 265
-2842 560
-2914 851
-2946 -742
-2970 366
-2883 -931
-2890 329
-2954 371
-2978 342
-3069 164
-3069 680
-3040 201
-2914 15
-2864 -167
-2923 -320
-2865 -931
-2970 290
-2864 730
-3028 866
-2978 84
-3000 453
-2959 371
-2946 -669
-2890 730
-2954 -742
-3007 1052
-3076 164
-3076 148
-2959 986
-2978 366
-2978 1052
-2893 14
-2865 -167
-2923 -669
-2970 84
-2970 986
-2893 15
-2959 851
-2864 560
-2959 290
-3007 866
-3007 453
-3028 680
-3040 148
50
-4152 -726
-4229 -797
-4092 -1041
-4196 338
-4096 -1041
-4096 -106
-4196 221
-4211 -16
-4108 -726
-4122 258
-4018 791
-4173 494
-4092 -106
-4043 -351
-3996 -659
-4244 221
-4229 174
-4152 -998
-4018 -387
-4185 338
-3993 -387
-4096 -627
-3993 -919
-4092 -991
-4108 -382
-4219 -16
-4185 -179
-4081 -426
-4173 -179
-4067 -991
-4065 791
-4067 -351
-4067 16
-3996 -919
-4043 -463
-4152 258
-4096 -382
-4211 -998
-4108 -627
-4108 322
-4152 494
-4219 -797
-4081 16
-4122 322
-4029 -659
-4029 -463
-4092 -426
-4244 174
-4065 -116
-4067 -116
100
-3109 465
-3035 -741
-2873 -597
-2949 380
-2795 -464
-2544 697
-2851 214
-2606 965
-2906 560
-3071 -324
-2873 214
-2750 -43
-2694 339
-2913 -450
-2823 -369
-2873 560
-2682 755
-2978 -529
-2620 755
-3035 551
-2750 -517
-2913 65
-2514 714
-2568 771
-2978 -257
-2697 164
-2913 808
-2765 -371
-2948 523
-2789 -464
-2949 654
-2765 -161
-2694 306
-2913 107
-2528 -879
-2568 697
-3109 87
-2986 654
-2851 324
-2697 -612
-3071 551
-2723 -517
-2921 808
-2851 -515
-2514 -879
-2886 65
-3071 -318
-2846 324
-2667 164
-2886 -597
-2697 306
-2709 -721
-2649 29
-2709 -612
-3035 -88
-2906 107
-2606 811
-2667 29
-2949 34
-2823 -576
-3007 -529
-2789 106
-2587 965
-2765 106
-2709 254
-2986 81
-2750 -371
-3007 -88
-2682 339
-3098 90
-3098 87
-3071 90
-2921 523
-2851 -369
-2611 -151
-2750 -161
-2948 380
-2649 -151
-2795 559
-2709 -43
-3098 465
-2620 811
-2544 -283
-3098 -324
-2949 -257
-2846 559
-2873 -515
-2544 -144
-3050 -741
-2948 34
-3035 81
-2611 -283
-2723 -721
-2765 -576
-2697 254
-2544 714
-2948 -450
-2587 771
-3050 -318
-2528 -144
100
-4234 -43
-3818 571
-3955 -915
-3873 -351
-4234 -305
-4069 181
-4041 -94
-3944 27
-4178 -183
-3955 -79
-4301 128
-3891 -887
-3846 -761
-4173 -183
-4069 610
-4144 -648
-4077 181
-3846 630
-4224 -66
-4113 -648
-4243 -305
-4026 142
-4234 -66
-4098 23
-3795 945
-3995 -770
-4026 -94
-3775 -592
-3955 654
-4301 -36
-4004 -56
-4077 -549
-4251 -764
-3944 -887
-4199 319
-3799 571
-3891 832
-4199 6
-4026 16
-4173 -725
-3891 753
-3803 753
-3867 42
-4098 194
-4178 -102
-4113 -549
-4234 319
-4004 16
-3944 -79
-4275 716
-3795 127
-3970 244
-3795 1065
-4163 -97
-3777 -874
-4275 128
-4113 23
-4243 -764
-3873 42
-4178 6
-4224 -153
-4144 0
-3944 678
-4199 -153
-4113 445
-4041 142
-3995 -915
-4144 -725
-3785 278
-3917 678
-3917 832
-4243 716
-4135 445
-4243 -43
-3775 1065
-4004 244
-4026 -56
-4170 351
-4144 176
-4041 63
-4199 -102
-3891 -351
-4170 -97
-3803 945
-4251 -36
-3818 630
-4069 63
-3795 278
-3785 -874
-3970 654
-4069 194
-3955 27
-4163 176
-3799 127
-4178 351
-3867 -761
-4004 -770
-4135 0
-3777 -592
-4041 610
100
-7067 618
-7667 102
-7277 -244
-7629 -352
-7359 1001
-7539 1357
-7110 475
-7389 297
-7306 546
-7306 -244
-7465 749
-7571 782
-7182 -39
-7133 393
-7629 983
-7440 868
-7465 868
-7133 475
-7224 -614
-7440 767
-7133 -405
-7355 604
-7389 -43
-7071 327
-7070 327
-7604 -966
-7359 532
-7557 12
-7516 -266
-7133 458
-7076 -307
-7327 546
-7257 -314
-7539 763
-7076 -971
-7374 297
-7206 -814
-7162 700
-7645 983
-7374 842
-7230 516
-7192 1316
-7084 618
-7579 -966
-7349 1038
-7067 -764
-7190 585
-7492 -266
-7629 922
-7254 516
-7539 1486
-7224 -814
-7355 156
-7571 12
-7604 227
-7410 -43
-7417 842
-7492 1357
-7327 1316
-7516 1295
-7162 458
-7417 767
-7579 782
-7254 735
-7070 -764
-7629 227
-7158 -39
-7492 587
-7637 -352
-7349 565
-7327 734
-7410 587
-7359 604
-7110 506
-7182 135
-7277 -314
-7667 380
-7327 565
-7359 1038
-7637 102
-7645 380
-7557 763
-7071 -971
-7110 -405
-7230 -614
-7110 -307
-7190 135
-7374 1001
-7084 506
-7192 700
-7571 922
-7206 585
-7571 1486
-7349 156
-7492 749
-7374 532
-7257 735
-7158 393
-7349 734
-7539 1295
100
-2079 903
-1869 -128
-2015 102
-1542 -23
-1834 -245
-1599 491
-2079 812
-1830 797
-2037 297
-1738 1602
-2102 328
-1599 -60
-1607 -740
-1956 99
-1990 -438
-1834 -215
-1738 845
-1850 -215
-2079 692
-2032 51
-2032 1236
-1579 491
-1550 227
-2032 297
-1824 359
-1899 -59
-1629 -740
-1666 257
-1718 638
-1658 -26
-1893 -59
-1607 -692
-1579 -692
-1640 -26
-2051 692
-1797 998
-1797 543
-1869 222
-1767 -324
-2102 -71
-1869 120
-2079 -71
-1869 797
-1893 525
-1556 -312
-1948 68
-1956 -438
-1736 877
-2015 1236
-1550 -23
-1688 -751
-1925 382
-1899 525
-2037 359
-1956 860
-1555 563
-1607 -30
-1555 532
-1982 860
-1542 532
-2090 328
-1767 845
-1850 120
-1899 -192
-1556 182
-1556 54
-1736 638
-1738 877
-1893 222
-2051 359
-1640 -30
-1924 445
-1893 -128
-1948 -192
-1718 825
-1688 825
-1629 -751
-1982 102
-1956 68
-1797 359
-2090 903
-1658 257
-1899 445
-1607 -60
-1924 382
-1555 227
-1579 182
-1738 998
-1990 51
-1556 563
-1579 -312
-1925 99
-1783 543
-1797 924
-1783 -324
-1830 924
-1555 54
-2032 812
-1824 -245
-1666 1602
100
-4524 166
-4518 166
-4711 270
-4655 -677
-4524 485
-4611 -791
-4384 -1095
-4620 1307
-4243 -229
-4393 -890
-4274 -77
-4442 -227
-4416 559
-4415 -617
-4312 -1034
-4566 -589
-4189 -833
-4685 270
-4595 980
-4620 608
-4582 528
-4685 985
-4426 -966
-4337 517
-4467 -180
-4400 -861
-4620 985
-4391 -890
-4644 195
-4273 -437
-4611 608
-4518 535
-4393 -1222
-4277 -437
-4496 535
-4452 -113
-4393 -334
-4467 -227
-4214 -833
-4277 -77
-4154 -825
-4595 -305
-4400 -1222
-4312 -1095
-4189 -229
-4518 233
-4393 -1245
-4674 40
-4312 -402
-4384 -960
-4595 1307
-4442 -966
-4359 -960
-4566 138
-4274 -374
-4674 -677
-4189 -825
-4548 138
-4711 40
-4384 -1245
-4644 812
-4312 -266
-4594 528
-4415 650
-4337 -266
-4249 -447
-4655 195
-4518 -180
-4391 -511
-4400 -617
-4566 980
-4183 373
-4189 -57
-4452 559
-4594 -305
-4214 -486
-4154 -145
-4595 -791
-4277 -1034
-4286 -402
-4524 -93
-4277 116
-4384 -511
-4426 -861
-4566 485
-4359 517
-4273 -447
-4620 812
-4146 -145
-4286 116
-4582 -589
-4496 -113
-4183 -57
-4400 -334
-4249 -486
-4243 -374
-4146 373
-4548 -93
-4416 650
-4524 233
100
-9363 -210
-9745 53
-9397 67
-9431 154
-9574 -49
-9765 819
-9765 -437
-9597 230
-9597 259
-9639 282
-9361 215
-9724 -820
-9771 786
-9847 -43
-9574 -342
-9657 282
-9774 349
-9495 317
-9798 210
-9884 -69
-9614 173
-9847 -69
-9622 364
-9537 -297
-9559 -574
-9361 375
-9639 401
-9495 -437
-9759 -686
-9774 786
-9402 268
-9402 642
-9745 -686
-9759 -345
-9363 642
-9884 -199
-9345 619
-9701 -820
-9833 349
-9325 -210
-9798 -138
-9847 -865
-9387 -619
-9771 819
-9745 -102
-9765 -345
-9363 215
-9431 -209
-9724 -1004
-9402 924
-9876 -199
-9553 -297
-9474 -986
-9474 317
-9833 -43
-9553 -574
-9559 -342
-9701 -558
-9614 259
-9724 53
-9639 173
-9466 -986
-9363 -619
-9537 610
-9847 -463
-9657 -558
-9387 67
-9537 137
-9622 512
-9402 -209
-9876 -463
-9553 1176
-9614 230
-9765 -102
-9553 255
-9685 -499
-9520 137
-9724 -50
-9657 401
-9345 375
-9537 255
-9614 512
-9809 -865
-9597 1176
-9685 747
-9446 610
-9701 -499
-9597 -49
-9639 364
-9745 -1004
-9701 -50
-9809 210
-9774 -437
-9520 -437
-9466 154
-9657 747
-9325 619
-9774 -138
-9397 268
-9446 924
100
-7175 269
-7146 1020
-6733 1025
-7099 -866
-6991 532
-7074 -684
-6877 -27
-6718 844
-6732 1025
-7133 209
-6969 532
-6803 749
-6816 9
-6851 388
-6904 -458
-6969 566
-7099 -339
-6694 479
-7042 -782
-6904 439
-7021 840
-7074 855
-6810 649
-6913 -458
-6732 930
-7159 571
-6823 749
-6694 778
-7042 -384
-7057 -384
-6877 547
-7074 81
-7146 -172
-6941 257
-6823 547
-6776 605
-6969 -382
-7175 -401
-7021 182
-7042 81
-6963 458
-6803 -211
-7097 -339
-6682 703
-6733 135
-6823 -115
-7129 209
-6733 928
-7141 444
-7175 271
-6718 479
-6904 728
-6963 257
-6732 844
-7042 182
-7184 271
-7129 -866
-7159 -401
-6772 577
-6941 -102
-7146 70
-6776 577
-7146 571
-6749 654
-7184 151
-7074 -937
-7141 1020
-6694 930
-6772 135
-7141 -172
-6810 -211
-7141 18
-6694 703
-7159 70
-6877 388
-7097 -937
-6733 650
-7133 855
-6851 -115
-6877 439
-6823 9
-6991 840
-7133 444
-6991 -782
-6969 458
-6682 778
-6803 654
-7175 151
-6732 650
-7133 18
-6941 566
-6816 649
-6803 605
-6941 728
-6991 -382
-7159 269
-7057 -684
-6913 -102
-6904 -27
-6749 928
100
-1325 330
-1636 626
-1636 339
-1237 722
-1609 552
-1666 268
-1702 -242
-1327 694
-1349 -115
-1765 225
-1518 -276
-1562 701
-1562 131
-1629 701
-1292 0
-1349 9
-1666 240
-1327 330
-1459 -90
-1321 722
-1526 575
-1363 641
-1390 308
-1237 -341
-1753 636
-1265 0
-1442 650
-1728 419
-1702 469
-1482 -276
-1511 715
-1646 -487
-1421 846
-1666 626
-1562 941
-1762 49
-1356 694
-1447 -625
-1363 33
-1744 -12
-1666 1069
-1447 295
-1482 715
-1663 -9
-1555 760
-1390 641
-1728 314
-1609 -616
-1766 225
-1702 419
-1636 -487
-1629 339
-1321 917
-1356 33
-1482 -90
-1559 382
-1518 -167
-1680 -242
-1585 552
-1526 760
-1663 268
-1413 295
-1629 98
-1728 469
-1526 -167
-1646 -9
-1753 731
-1325 917
-1629 -616
-1265 -341
-1321 -115
-1292 666
-1765 49
-1555 941
-1680 240
-1356 9
-1559 549
-1321 666
-1413 -159
-1526 615
-1562 549
-1762 636
-1555 382
-1744 314
-1442 532
-1390 -159
-1482 532
-1363 629
-1555 575
-1421 650
-1459 -625
-1766 -12
-1585 131
-1728 731
-1356 629
-1702 1069
-1636 98
-1363 308
-1390 846
-1511 615
100
-2375 547
-2481 149
-2477 303
-2683 973
-2398 383
-2571 782
-2762 577
-2789 -421
-2555 -464
-2642 -188
-2656 394
-2717 377
-2834 306
-2477 48
-2647 1127
-2541 -464
-2541 571
-2451 48
-2477 301
-2574 1255
-2764 937
-2479 303
-2351 743
-2351 -51
-2479 301
-2516 73
-2635 -235
-2635 -188
-2369 -342
-2428 -734
-2745 -495
-2849 59
-2764 -876
-2609 790
-2375 -342
-2499 731
-2764 -495
-2428 -40
-2647 652
-2683 437
-2642 407
-2708 139
-2807 -8
-2571 737
-2745 577
-2571 1090
-2479 326
-2576 1127
-2604 790
-2499 73
-2574 737
-2516 782
-2375 383
-2656 652
-2647 973
-2516 731
-2428 1142
-2849 306
-2603 480
-2524 571
-2604 480
-2481 326
-2789 -876
-2451 -734
-2524 504
-2762 90
-2834 59
-2398 -40
-2499 -265
-2499 372
-2576 1255
-2369 -51
-2555 389
-2603 882
-2477 1142
-2764 90
-2834 937
-2516 504
-2428 547
-2576 882
-2351 955
-2574 1090
-2647 407
-2481 372
-2351 770
-2574 383
-2745 377
-2834 -8
-2375 955
-2481 -265
-2708 394
-2609 -235
-2717 139
-2479 149
-2576 383
-2807 -421
-2329 743
-2571 389
-2329 770
-2745 437
100
-334 -356
-149 526
-203 -964
-361 -527
-496 -628
-531 94
-480 -698
-515 1
-282 653
-229 -853
-520 119
-515 -274
-466 -268
-176 15
-385 -78
-444 312
-354 983
-332 146
-431 -663
-520 60
-423 519
-480 -628
-480 -268
-334 -313
-282 371
-431 -299
-188 -189
-531 60
-496 -490
-553 94
-423 -299
-197 969
-590 866
-466 312
-335 -313
-332 -356
-579 866
-196 -964
-197 -431
-579 40
-423 -871
-423 -347
-553 145
-531 674
-402 519
-383 -648
-610 -63
-510 -274
-575 40
-196 -189
-431 -45
-361 983
-531 145
-252 -889
-385 -648
-176 425
-480 119
-354 -418
-309 146
-332 -435
-444 -663
-335 -435
-402 -78
-579 360
-196 710
-196 969
-590 92
-385 -966
-520 1
-553 360
-510 -490
-176 526
-203 -431
-444 -45
-585 351
-385 -871
-188 425
-203 -192
-188 653
-444 -698
-610 92
-575 -130
-553 -130
-252 -192
-229 -404
-188 710
-431 -347
-585 -63
-252 653
-579 351
-332 -889
-252 -404
-203 -853
-520 674
-383 -527
-335 -966
-176 653
-309 371
-335 -418
-149 15
250
-2454 284
-3015 215
-2757 488
-3286 142
-2530 537
-1996 470
-3113 263
-2518 639
-2654 46
-2155 -736
-2445 -348
-2876 776
-2155 -712
-3015 -704
-2723 519
-2183 233
-3049 -103
-2248 721
-3031 -176
-2876 -529
-2723 -155
-2393 -635
-2495 -93
-2787 979
-3179 -327
-2417 -678
-2992 215
-3032 -176
-3062 -380
-2420 -263
-2654 -704
-2087 -97
-2091 97
-2271 901
-3031 620
-2991 935
-2064 -261
-3190 -316
-2326 -874
-3161 -684
-2677 958
-2417 -1036
-2530 828
-3124 263
-2915 97
-3299 531
-2834 -929
-2625 -304
-2209 -730
-3256 -453
-3062 -628
-3113 -1448
-2419 -678
-2625 -704
-3015 -918
-2585 435
-2420 185
-3016 -918
-2654 922
-2750 -155
-2991 -24
-2419 -263
-2117 406
-2454 -348
-2518 947
-2445 -59
-2017 655
-2522 828
-3198 -867
-2183 -628
-2800 535
-2091 734
-2200 -408
-3138 -236
-2367 -303
-2017 149
-3150 -395
-3062 -103
-3065 713
-2617 249
-3190 -764
-1966 470
-2517 -828
-3299 142
-2865 703
-3032 -380
-2312 -331
-2117 97
-2965 935
-3031 60
-3064 713
-3221 -228
-3085 896
-2865 776
-3198 -103
-3179 -638
-2704 790
-2302 -653
-2992 -24
-2800 521
-2248 -918
-3138 -711
-2367 643
-2183 -1109
-2236 -730
-3085 -209
-2495 -828
-2302 -331
-2017 734
-2367 -919
-2876 155
-2965 463
-2757 115
-2834 -859
-2591 -304
-2283 -918
-2419 -984
-3065 896
-2534 -106
-2537 -141
-2915 -291
-2788 979
-2522 947
-3198 -764
-2712 519
-2495 284
-2117 -97
-2200 233
-2064 -86
-3032 620
-2537 434
-3189 -1094
-2941 345
-3236 531
-2534 -20
-3189 -638
-2146 406
-3124 -620
-2248 901
-2677 -774
-3049 149
-2326 -618
-2473 -250
-2393 643
-2787 -280
-2896 -392
-2312 -874
-2236 721
-3062 -57
-2800 -280
-2155 -1109
-2417 -984
-2353 -618
-2963 463
-2445 -886
-3236 -103
-2312 149
-2834 -401
-2017 743
-2677 -759
-2353 -753
-2563 434
-2941 -704
-2271 43
-2517 -106
-2856 -529
-3032 149
-2531 24
-2591 -141
-2087 -86
-2326 149
-2248 -792
-2495 639
-3015 607
-3124 -711
-2800 -859
-2209 -792
-2209 -408
-3236 -228
-2563 435
-2183 -1461
-2043 -261
-3064 -57
-3065 -628
-2834 -810
-2537 24
-2824 -401
-3113 -209
-2712 -774
-2896 -206
-3179 -684
-2585 331
-2750 115
-2473 -93
-2353 -919
-2963 345
-2941 -291
-2531 537
-2836 703
-3198 -1094
-2454 -59
-2326 -753
-3179 -395
-1966 743
-3031 607
-2419 -886
-2787 488
-2209 -1461
-2824 535
-2155 -628
-3124 -1448
-2704 958
-3016 60
-2788 521
-2367 -1036
-3221 -867
-2312 43
-2591 331
-2677 922
-3113 -1047
-2117 -736
-2896 97
-2537 -20
-2146 -712
-3189 -327
-2353 -303
-2043 655
-2856 -929
-2617 46
-1996 149
-2654 -759
-2941 -392
-2445 185
-2417 -635
-3150 -236
-2787 790
-3236 -453
-2896 155
-2836 -810
-3065 -1047
-2454 -250
-2876 -206
-3161 -667
-3138 -667
-3286 373
-2591 249
-3138 -620
-3189 -316
-2283 -653
-3256 373
250
-4514 -437
-4468 820
-4039 -601
-4586 -146
-4618 -218
-4215 -99
-4684 263
-4347 268
-4407 -709
-4755 -255
-3906 -926
-4347 -149
-3941 -149
-4618 -683
-4567 -309
-4567 -957
-4543 -1125
-4811 -526
-4122 14
-3941 61
-4627 515
-4093 -374
-4077 -374
-4543 248
-4367 -709
-4112 30
-4427 275
-3928 766
-4811 465
-4407 -561
-4009 -726
-4347 -259
-4733 -255
-4146 14
-4320 945
-4652 -396
-4684 -538
-4093 -359
-4682 263
-4298 742
-4448 275
-4855 -169
-4122 -878
-3875 -861
-3986 -39
-4641 -396
-3891 -990
-3982 -39
-4341 -149
-4167 98
-4678 -894
-4448 -141
-4319 430
-3861 612
-4268 690
-4738 484
-4596 259
-4341 507
-4567 -146
-4215 897
-4811 -269
-4424 308
-4852 981
-4780 484
-4755 154
-4514 -306
-4161 -878
-4207 897
-4215 169
-4122 -666
-4080 28
-4424 -412
-3735 729
-4319 249
-4478 661
-4066 -829
-3933 -49
-4596 -309
-4855 -326
-4898 213
-4923 126
-4039 68
-4877 125
-4066 -350
-4780 -235
-4009 -601
-4328 -259
-4313 430
-4620 269
-4039 482
-4948 213
-4245 -62
-4367 -596
-3759 673
-4491 35
-4898 743
-4390 268
-4627 -371
-4407 -221
-4161 98
-4207 -99
-3836 612
-4780 465
-3861 766
-4319 834
-4526 -437
-4424 619
-3789 673
-3836 -42
-4423 308
-4526 -10
-4268 974
-4423 -412
-3941 -926
-4103 -359
-3722 -733
-4526 -1125
-4328 507
-4826 288
-4468 -99
-4313 661
-4733 -278
-4653 619
-4627 -223
-4491 987
-4678 -42
-4948 126
-3861 -861
-4320 273
-4682 -42
-4207 764
-4103 324
-3833 554
-4320 223
-4641 -371
-3811 -42
-4826 941
-4245 974
-3941 -871
-3744 899
-4112 -666
-4423 -221
-4423 -561
-4526 248
-4112 -851
-3861 -143
-4543 -309
-3960 -871
-4187 182
-4684 653
-4424 -600
-3811 987
-3846 -86
-4684 362
-4713 -278
-4000 187
-3833 987
-4268 948
-4620 -683
-4245 730
-4077 -350
-4347 -596
-4427 -141
-4328 223
-4268 742
-3853 -143
-3960 -726
-4122 30
-4167 465
-3789 705
-4478 820
-4491 433
-3722 729
-4468 803
-4215 730
-3744 363
-4804 -269
-4618 259
-4834 99
-4483 433
-4039 -829
-4390 -443
-4319 945
-4826 -526
-4313 948
-3906 -990
-4427 -600
-4826 99
-3853 -714
-4146 764
-4627 269
-4618 -957
-4328 273
-4483 661
-4103 -851
-4713 -538
-3928 -49
-4448 803
-4262 -62
-4812 941
-4112 324
-4641 515
-4080 482
-4877 -169
-4187 465
-4543 -715
-3846 -714
-4780 154
-4653 362
-3735 363
-4620 -223
-4567 -715
-4620 -218
-4448 -99
-4468 35
-4804 -235
-4503 987
-4491 -306
-3891 746
-3933 -149
-3986 187
-3811 899
-4503 -10
-4103 28
-4652 -894
-4320 249
-4586 -309
-3811 705
-4207 182
-3982 61
-3836 554
-4812 955
-4834 288
-4641 619
-4811 955
-3836 -86
-4834 981
-4245 169
-3759 -733
-4313 834
-4000 68
-4262 690
-4298 661
-4738 653
-4427 619
-4852 743
-3875 746
-4407 -443
-4834 -326
-4923 125
250
-7841 369
-7509 -118
-8053 977
-7380 320
-7657 -90
-6862 584
-7195 435
-7888 -545
-8022 495
-8165 1004
-7582 -466
-7419 485
-7734 -657
-7954 706
-7650 162
-8030 263
-7526 -708
-7470 670
-8000 171
-6913 -278
-8232 834
-6866 395
-6996 237
-7684 514
-7712 -763
-7367 -727
-8000 262
-7622 23
-7650 23
-7657 -246
-8150 -567
-7831 -840
-8144 -293
-7346 46
-7905 -522
-6913 -638
-8179 32
-7171 171
-7534 785
-6862 391
-7798 93
-7712 207
-7447 485
-8228 844
-7038 193
-7391 878
-7195 -889
-7789 -63
-6961 -507
-7342 46
-7905 -185
-8165 366
-8129 -198
-7712 -569
-8066 -438
-8145 -293
-6866 391
-8145 863
-7971 171
-8096 760
-7605 87
-7825 -216
-8208 179
-7509 785
-7841 -195
-7380 -792
-7130 -271
-8066 760
-7387 -332
-7657 514
-7559 138
-6917 -416
-7582 138
-7387 878
-6935 -507
-7038 -812
-7307 -439
-7622 -574
-7329 503
-7118 -613
-7559 -106
-7130 -188
-7867 661
-8260 834
-8144 1004
-7543 -297
-7038 202
-8228 384
-7011 -228
-6996 193
-6838 1257
-8179 366
-7346 294
-6996 -228
-7473 670
-7798 -41
-7391 859
-7307 -254
-8179 54
-8208 -85
-7761 -657
-7090 372
-7204 467
-8022 263
-8183 179
-7447 -434
-6913 455
-6961 -247
-6986 130
-7526 -1100
-7346 719
-8129 137
-7060 202
-8053 -438
-7559 -466
-7810 -216
-7145 -271
-7761 207
-7171 435
-7271 -326
-7684 -763
-7300 467
-7582 87
-7346 -792
-6917 -278
-6893 -37
-7230 -484
-7490 -434
-7650 449
-7888 -185
-8232 384
-8115 436
-7684 932
-7145 11
-7954 848
-7825 -41
-7257 -326
-7349 -727
-8165 -567
-8030 34
-7204 701
-8144 -198
-8000 848
-7011 -741
-6846 584
-6862 948
-7650 -90
-7419 859
-8165 54
-7092 -612
-7825 -840
-8144 436
-6846 154
-7342 294
-8232 -85
-7761 -63
-7090 -613
-7867 369
-7789 -762
-7470 558
-7534 -297
-7509 138
-6986 -247
-7867 -545
-7712 4
-6913 -253
-7090 -182
-6838 154
-6893 395
-7924 -522
-7387 -996
-7038 -741
-7810 -762
-7825 487
-6917 -253
-7509 -708
-6895 -37
-6862 1257
-7090 -812
-7867 -195
-7329 779
-7092 -182
-8179 844
-7447 558
-7195 701
-7342 -254
-6866 455
-7110 10
-7684 -246
-8183 32
-7440 -996
-6895 -638
-8096 137
-7440 33
-7734 -569
-7543 -580
-6935 -416
-7380 -109
-7543 -1100
-7841 -453
-7831 -453
-8053 284
-7905 661
-7971 -725
-7230 -889
-7761 -236
-6996 130
-7543 -106
-7387 -109
-8260 490
-7924 -725
-7707 4
-8053 34
-7447 33
-7118 171
-7257 -484
-8264 139
-7118 10
-7060 372
-7582 162
-7473 419
-7342 779
-7195 11
-7789 93
-7490 138
-7367 320
-8022 284
-7605 -574
-7490 -118
-7118 -188
-7559 -580
-7271 -439
-8000 495
-8150 863
-7380 -332
-6866 948
-8264 490
-7905 706
-7349 719
-7707 932
-7110 -612
-8115 977
-7300 503
-7789 -236
-8232 139
-7490 419
-8022 262
-7841 487
-7657 449
-6917 237
250
-8888 585
-8656 -123
-8232 326
-8140 64
-7622 -601
-8844 549
-8005 -973
-7764 947
-8391 -175
-8095 -758
-8462 -123
-7948 -638
-8582 -948
-7822 -227
-7822 -15
-8639 64
-8639 -123
-8769 -587
-7751 -109
-8216 478
-7918 -103
-8547 161
-8115 385
-7731 252
-8227 326
-8888 -11
-7751 911
-8364 -7
-8706 215
-7839 -905
-7771 533
-8769 -682
-7657 515
-8522 -729
-8119 -543
-8095 447
-8042 -45
-8421 -662
-7697 -304
-8227 -165
-8684 -79
-8782 307
-8286 -966
-8910 253
-7820 -1713
-7794 -680
-8442 213
-8819 -607
-7918 -1032
-7949 -13
-7651 -87
-7991 -706
-8173 694
-8114 -758
-8453 -664
-7892 -309
-8620 -339
-8716 -403
-8769 307
-8453 -984
-7794 568
-8216 1120
-8261 -288
-8547 -946
-7794 -128
-8101 744
-8656 -79
-8932 -29
-8042 797
-7622 -844
-8687 215
-7961 -1025
-7948 -103
-8150 -17
-8340 358
-8522 161
-7764 533
-8140 -815
-8216 -78
-7961 -706
-7684 1405
-7949 -329
-8522 8
-8462 168
-8838 -607
-7618 105
-8261 -180
-8140 -91
-8443 -62
-7697 309
-8391 -662
-7657 -304
-8875 -11
-8620 112
-8864 423
-8801 192
-8687 64
-7864 -731
-8582 -946
-7651 -839
-7839 -227
-8232 759
-8443 -1305
-8492 -984
-7777 568
-8232 -180
-8801 -682
-8582 -255
-7618 -601
-8167 -17
-8410 -632
-8201 -47
-8932 159
-7622 375
-8227 759
-8303 358
-8716 257
-8600 112
-8600 -255
-7751 947
-8303 -966
-8844 385
-8201 -78
-8844 -412
-8782 192
-8561 108
-8391 -391
-7751 252
-8639 -663
-8492 8
-8559 108
-8684 -38
-7771 203
-7892 -583
-7717 309
-8819 549
-8072 797
-8410 -175
-8443 -664
-8167 -159
-8115 64
-8706 -38
-8739 -427
-7839 -1713
-8340 -391
-7636 -844
-8492 -289
-7961 -13
-8016 -45
-8443 -333
-8072 266
-8232 958
-8620 289
-8042 266
-8639 289
-8706 -403
-8331 820
-8769 -427
-7684 -238
-8599 -948
-7948 -1032
-7949 -1025
-8216 -165
-7636 -839
-8716 983
-8201 -75
-8453 168
-8864 -834
-8140 187
-8101 385
-7948 -329
-8706 257
-7794 -15
-7731 477
-8286 -288
-7777 43
-8364 568
-8888 253
-7676 515
-8391 -7
-8620 -663
-8739 983
-7657 -87
-7777 203
-8201 478
-8547 -729
-7991 830
-8016 -973
-8005 -502
-8559 457
-8150 -159
-8005 267
-8072 744
-7771 -109
-8119 -91
-7820 -128
-8888 -29
-7676 -238
-7717 477
-8042 267
-8312 820
-8582 -524
-8801 134
-8002 830
-7771 43
-8173 -47
-7961 -881
-7918 -309
-8421 213
-8453 -333
-8875 -834
-7864 -583
-8910 159
-7717 1405
-7622 105
-8838 -412
-8150 187
-8306 958
-8599 -339
-8801 2
-8002 -502
-8306 514
-8114 -543
-7839 -731
-8716 -587
-8492 -123
-8312 514
-7918 -905
-8421 -1305
-8819 2
-8442 -62
-8844 585
-8150 -815
-8522 -289
-8167 694
-8072 447
-8331 568
-7949 -638
-7657 375
-8819 134
-8561 -524
-7777 -680
-8167 -75
-8227 1120
-8853 385
-8421 -632
-8853 423
-7717 911
-8547 457
-8005 -881
250
-3334 997
-3050 837
-2972 76
-2570 194
-2446 813
-2529 -155
-2827 562
-2740 377
-2811 1166
-3316 324
-3528 785
-2974 76
-2996 522
-2690 -249
-2661 -109
-2740 -391
-2955 911
-3502 1038
-2811 1013
-2636 -174
-3202 -841
-3306 -316
-3435 -377
-2772 415
-2661 586
-3435 109
-2405 212
-3502 -137
-2952 265
-3346 -97
-2432 -154
-3610 645
-2467 759
-3155 -1535
-2861 304
-2769 415
-3462 654
-3145 -1535
-3145 -1120
-2518 195
-2952 525
-3410 810
-3202 -1086
-2488 -250
-3497 187
-3527 -373
-3612 414
-3202 -846
-3462 190
-2736 -391
-3077 -1615
-3050 787
-2950 1372
-2974 1116
-2794 -264
-2389 -399
-2974 522
-3330 324
-2631 -174
-3409 677
-2607 -929
-3267 -769
-2381 -482
-3635 631
-3645 631
-2929 437
-2446 837
-3673 238
-3250 -168
-3406 94
-3385 782
-3274 -472
-2712 -96
-3462 109
-2488 171
-2811 1257
-3530 -527
-3194 -841
-2769 1257
-3285 -316
-2467 157
-3572 1593
-2955 200
-2631 609
-2935 1242
-3330 -97
-3363 515
-2477 157
-2408 212
-3274 -769
-3172 -906
-2636 586
-2607 -538
-3232 -555
-3530 785
-2827 1013
-2518 -256
-2861 2052
-2890 160
-2586 -929
-3194 -677
-3502 187
-2844 304
-3406 22
-3527 1593
-2996 -352
-2827 1166
-3560 -527
-2534 -155
-3090 -625
-3462 -27
-3528 -373
-3497 45
-2913 859
-2690 -538
-3610 -35
-3363 782
-3596 -35
-2935 1372
-3610 414
-2467 693
-3497 -27
-2736 -249
-2861 2197
-3202 -24
-2381 -399
-2432 813
-3090 -1317
-2952 1446
-3560 145
-3409 -377
-3232 -24
-2827 2048
-3610 1028
-2972 200
-2950 1446
-3409 810
-2518 443
-3385 677
-2712 -109
-3596 657
-2405 340
-2529 195
-3409 94
-2446 395
-2844 2048
-2736 832
-3061 -570
-3267 -168
-2935 757
-3134 -1258
-3061 787
-2736 -96
-2913 437
-3285 -472
-2557 194
-2405 -154
-2586 -143
-3673 -97
-2794 644
-3155 -852
-3410 126
-3572 145
-2389 340
-2972 1116
-2529 460
-2570 609
-3117 -708
-2477 443
-3306 997
-2467 837
-3022 565
-3249 53
-3527 1038
-3306 -855
-2477 759
-2534 294
-3022 -998
-2974 565
-2890 859
-2769 832
-3145 -1258
-3519 -137
-2408 1258
-3435 126
-2929 1242
-3645 238
-3232 -589
-3155 -677
-3572 1028
-3172 -846
-2811 644
-3022 837
-3117 -1560
-2432 395
-2950 265
-3482 800
-3666 37
-2446 693
-3334 515
-2529 -256
-3482 654
-2769 377
-3134 -1560
-3497 800
-2952 911
-3145 -852
-3249 -555
-3117 -625
-2861 160
-2955 525
-2518 -250
-2570 460
-3250 -589
-2935 1412
-3134 -1120
-3572 657
-2557 294
-3155 -906
-3363 22
-3117 -1317
-3612 37
-2477 171
-3527 -91
-3346 -196
-2772 -264
-3502 45
-3090 -570
-2844 562
-3232 -1086
-3363 -196
-2844 2052
-3519 -91
-3090 -1615
-3666 -97
-3134 -708
-3306 53
-3635 645
-2955 992
-2950 757
-2405 -482
-3435 190
-3316 -855
-3077 -998
-2929 1412
-2972 992
-3022 -352
-2929 2197
-2570 -143
-2432 1258
250
-565 -672
414 140
-509 -326
-624 -222
90 384
307 264
32 -175
242 410
415 412
414 -669
-209 -607
-315 -355
-57 53
-285 -22
214 90
-175 -825
438 -993
-760 -10
-634 387
-117 -756
490 -674
228 -68
-400 740
-457 -588
-457 -502
-367 125
-729 542
-285 44
-107 963
-62 235
-692 -768
-729 -595
415 592
-457 -707
463 -977
-126 -1570
-509 205
523 -340
119 -417
-62 -1493
214 -68
119 1
-457 -587
-268 -435
-307 764
-737 -10
-301 -22
-48 -224
-544 -216
-329 764
-695 531
-195 170
-422 -986
327 767
-729 -51
-305 -341
-647 129
-195 -327
352 386
17 -681
-209 170
-305 202
167 -900
-301 99
393 412
-285 -622
-107 -1023
-305 99
469 821
-141 -784
-422 -184
69 -98
-117 -1493
-126 -784
-692 61
-3 -838
-195 10
-27 -183
393 202
149 -458
-159 -674
-695 -51
510 -674
-337 384
438 -1156
-268 44
-672 -250
-760 98
169 -42
-3 -266
32 -681
-175 -94
-486 205
352 -102
-565 -216
-634 401
-215 358
352 -507
-729 258
-760 -106
-241 -237
431 -993
438 -294
-594 -672
-106 175
-253 366
438 -977
-423 443
-372 -357
-509 935
-117 -1023
-782 98
-78 235
-518 -140
415 44
-518 -645
-695 129
-159 -94
-367 -357
415 140
432 -294
242 190
352 110
327 -507
194 90
-613 -623
-285 -435
11 554
-672 -768
169 -900
149 1
-594 -623
-432 443
194 -42
287 705
-57 -24
69 -175
149 -417
-565 962
-62 53
287 264
224 767
-367 109
167 382
119 384
-782 -106
-760 -595
90 198
69 788
-372 -986
-307 -341
432 592
-372 740
256 190
281 705
463 -88
-253 291
-301 -622
-423 -184
-602 962
371 -541
-117 -1570
-241 366
-268 -674
-513 391
224 765
-126 -756
-301 -554
-48 110
-62 -501
-647 387
-400 261
-486 -707
17 -266
-307 202
-57 -501
-141 -825
469 -88
167 82
41 -141
-528 391
-215 -237
-175 -757
194 765
431 44
-48 -24
-695 61
-268 291
-491 -326
-528 431
-126 -674
-241 -674
69 198
-195 -757
392 -541
-544 -140
228 410
-106 963
-209 -327
256 571
-315 -657
11 -95
371 -102
41 788
392 110
-209 358
-78 175
-175 10
149 82
-486 -808
-565 431
-602 -222
-491 -808
-423 -588
-337 109
281 571
-329 384
-423 261
-701 531
-613 -250
510 -340
523 821
-27 554
-305 -554
-432 -502
-57 -224
-307 -657
-367 -355
307 -882
-509 -645
392 -669
490 -1156
392 202
327 386
119 -98
-624 401
167 -458
-486 -587
327 -882
-241 -607
17 -141
-48 -183
-737 542
17 -95
-701 258
194 382
-27 110
-513 935
-27 -838
-372 125
250
-2421 -122
-1744 -608
-2866 -965
-2840 -801
-2886 -297
-2542 564
-2446 -664
-2202 -384
-2471 -746
-2934 -1077
-1770 224
-1902 332
-1973 -354
-3019 -545
-2722 146
-1715 -535
-3093 -442
-1761 -291
-2693 -297
-2830 -192
-2059 -319
-2482 -15
-1770 90
-2972 -299
-2951 -745
-2554 67
-2898 -765
-2626 -635
-1699 -818
-2951 322
-2982 -513
-2004 -30
-2554 -420
-2310 657
-2274 -851
-1931 151
-2285 -200
-2579 -244
-2096 503
-1847 -555
-2064 -964
-2446 317
-2747 -1424
-2643 -635
-2864 247
-2528 752
-2723 -905
-1629 -166
-2607 -849
-1698 -71
-3005 -777
-2668 -322
-1666 804
-2898 -369
-2340 41
-2626 -736
-2626 -297
-2915 -765
-2209 -145
-2579 -512
-1770 800
-2108 -324
-1680 -71
-2972 322
-2723 -679
-1699 -884
-2504 752
-2223 -150
-2014 -382
-2039 -319
-2118 -860
-1818 509
-1770 509
-2777 -352
-1954 -734
-2570 450
-2366 -303
-2840 247
-1744 800
-2393 464
-2570 -244
-1788 -555
-2101 503
-1954 151
-1894 -78
-2866 -297
-2137 -29
-2915 -369
-2393 -135
-2488 2
-2209 -705
-2274 -132
-2934 -400
-2982 -745
-1864 -640
-2202 -65
-2096 -92
-3070 -861
-1671 283
-2723 -352
-2643 -322
-2161 -1085
-1978 -428
-3005 -441
-2421 66
-2488 299
-2451 -358
-2451 317
-3005 -545
-2504 2
-2202 -705
-2471 -358
-2951 -400
-1629 804
-2004 -915
-2923 19
-2886 -318
-3097 -106
-2923 -559
-2250 176
-1931 332
-2446 66
-2014 351
-2451 -664
-2005 -30
-2800 -192
-1680 283
-2830 -993
-2172 -1085
-2607 -736
-2668 -592
-2059 124
-3019 -673
-2934 -526
-2915 -559
-2101 323
-2554 450
-2064 -303
-2076 -512
-3005 -513
-2830 -801
-2039 -382
-2064 124
-2411 -135
-1671 -884
-2366 -703
-2747 -912
-1931 28
-2471 213
-1978 -354
-2250 -65
-2800 566
-2830 -1424
-2004 -428
-2039 -915
-2393 -303
-3034 -673
-2528 564
-2873 -783
-2172 -152
-2951 -526
-3070 -442
-2411 -106
-2137 167
-2310 -200
-2421 -14
-2137 323
-2137 337
-2693 146
-3097 -55
-2004 -937
-2285 657
-2626 -512
-2934 19
-3034 -441
-2915 -434
-1847 -640
-1818 2
-1978 -734
-2923 -1077
-2250 -150
-2202 -152
-2722 -679
-2172 337
-2005 351
-2471 299
-2723 -912
-1978 -937
-2310 41
-1864 -78
-1788 90
-1847 159
-1894 28
-2393 -14
-2873 -993
-1749 -291
-1847 2
-2039 -964
-1894 159
-2118 167
-3053 -810
-2504 -15
-1638 -800
-1698 -535
-2693 -905
-2223 -145
-3053 -861
-2250 -851
-1638 -166
-1761 224
-2285 -132
-2446 -122
-2064 -512
-2076 -303
-2172 -384
-2982 -299
-2340 -703
-2898 -318
-2451 213
-2421 -106
-2982 -777
-2777 566
-2923 -434
-2542 67
-3034 -810
-1749 -818
-1671 -109
-1931 -454
-3034 -55
-2076 -324
-1954 -320
-1715 -608
-2161 -29
-1973 -320
-1666 -109
-3093 -106
-1902 658
-2108 -860
-1954 -454
-2898 -783
-1671 -800
-2310 464
-2482 -746
-2693 -592
-2285 176
-2504 -420
-2554 -849
-2076 -92
-2864 -965
-1894 658
250
-1245 709
-1098 -180
-1529 -331
-1506 -852
-1951 140
-1796 504
-1926 128
-1471 -509
-1462 -871
-1739 504
-1349 -484
-1298 -682
-1527 -421
-1172 477
-1367 -134
-1172 -89
-1683 -502
-1121 -985
-2001 108
-1710 -192
-1357 -208
-1882 -399
-1210 -955
-1068 804
-1210 -354
-2054 -913
-1506 -936
-1343 981
-1742 136
-2025 -413
-1325 234
-1231 82
-1669 -776
-1191 90
-1487 -827
-1527 -575
-1683 -643
-1506 -91
-2118 384
-1121 -567
-1211 176
-1581 -610
-1838 839
-1487 66
-1710 -146
-1943 765
-2025 541
-1768 -854
-1388 -380
-1838 470
-1432 -167
-2220 481
-1529 -421
-1471 -356
-2181 -192
-1341 -477
-1519 -936
-2025 108
-1341 -89
-1554 -860
-1253 924
-2223 -681
-1638 291
-2192 -515
-2118 109
-1685 -146
-2223 114
-1096 -1147
-1926 -507
-2114 -154
-1274 -505
-1581 -679
-1474 -356
-1096 -303
-1298 -23
-1526 -853
-1956 140
-1010 963
-1838 449
-1210 427
-1185 -89
-1948 765
-2181 670
-1367 -720
-2090 -82
-1581 -331
-1782 -854
-1976 -287
-1948 768
-2081 259
-2159 109
-1325 -23
-1895 -399
-1248 924
-1287 234
-1868 449
-1375 195
-2114 -82
-1172 -769
-1096 -129
-1287 911
-2090 -219
-1349 -477
-1164 398
-1096 -1075
-2025 -913
-2159 -681
-1185 -23
-1930 419
-1926 929
-1956 -287
-1796 585
-1611 -321
-1098 -1147
-1710 567
-1742 -192
-1683 469
-1357 -720
-1388 -167
-1412 141
-1253 839
-1768 136
-2054 -219
-2090 259
-1587 -610
-2200 -515
-1258 224
-1554 -985
-1796 -122
-2236 481
-1258 544
-1172 -354
-2197 -192
-1587 -679
-1817 585
-1432 -871
-1245 82
-1926 -289
-1210 -61
-1611 -1031
-1930 -507
-1248 267
-2001 -413
-1638 -575
-1739 567
-2001 337
-1016 -306
-1068 -303
-1343 -208
-1274 -682
-1817 560
-2200 466
-1587 -375
-1098 -985
-2090 384
-1882 739
-1526 -91
-1375 -134
-1042 -736
-1916 -289
-1611 -375
-1245 267
-1197 -61
-2159 46
-1519 -580
-2131 46
-1258 -505
-1231 176
-1197 90
-1121 -180
-1526 -580
-1916 -190
-1895 -190
-1016 804
-2081 541
-1506 -827
-2001 -78
-1462 144
-1121 -769
-1581 -860
-1951 768
-1638 -776
-1685 210
-2220 466
-1976 795
-1640 469
-955 963
-1976 337
-1245 1008
-1796 470
-1016 -736
-1462 66
-1135 -567
-1257 544
-955 962
-1375 141
-1042 -1075
-1529 -853
-1432 144
-1432 -104
-1710 210
-2200 -276
-983 -306
-1248 709
-1611 -575
-1976 -78
-1325 981
-1257 839
-1685 -23
-2159 670
-1164 477
-1191 -23
-2131 -154
-1683 -23
-1587 -1031
-1884 839
-2236 114
-1951 795
-1135 398
-1638 -321
-1884 128
-1098 -129
-1462 -509
-1325 -89
-2192 -681
-1258 911
-2200 -681
-1248 224
-1357 195
-2197 -276
-1412 -104
-1211 -955
-1669 -643
-1943 419
-1951 929
-1474 -852
-1016 654
-1838 560
-1685 -502
-1529 -985
-1357 -484
-1010 654
-1375 -380
-983 962
-1526 -575
-1640 291
-1231 427
-1782 -122
-1231 1008
-1868 739
250
-8808 -919
-9034 543
-9127 303
-8332 635
-9147 435
-8998 -395
-8607 553
-9190 -243
-8882 190
-9056 212
-9812 260
-8631 553
-8487 909
-9736 430
-9729 430
-9352 46
-9522 207
-8487 788
-9534 -31
-9169 -647
-9653 -496
-9142 430
-8908 -476
-9111 -628
-8358 366
-9242 629
-8808 -756
-9601 368
-8396 -72
-9056 543
-9441 -213
-8607 337
-9147 -647
-9069 556
-9736 869
-8332 593
-9807 -103
-9464 -594
-8999 557
-8857 -742
-8307 -72
-8413 -339
-9491 559
-9142 -102
-9491 521
-8954 78
-8657 90
-9473 521
-8680 205
-9122 732
-8857 -791
-9736 486
-9309 972
-8577 -930
-8657 496
-9399 -605
-9729 869
-9019 1067
-9469 -594
-9260 -691
-8786 -695
-9601 881
-9794 892
-9469 -700
-8524 68
-9441 -240
-8779 -613
-8710 93
-9242 331
-9765 486
-9147 -254
-9441 325
-8577 -266
-8549 926
-8929 82
-9626 617
-8514 909
-8837 -695
-9366 -581
-9404 88
-8974 63
-9707 551
-8779 -1488
-9069 282
-9534 274
-9111 -53
-9585 9
-8786 18
-9227 -691
-8539 -810
-9404 29
-9765 -385
-8383 -1
-9473 -700
-9090 732
-9193 435
-8589 337
-8786 -1488
-9147 -102
-9366 -232
-9794 260
-8383 206
-8778 -266
-8974 -791
-9534 -226
-8974 -395
-8778 -844
-8857 -756
-8726 -266
-8413 78
-9659 215
-8710 -470
-8454 273
-9464 -136
-8578 -266
-9556 9
-9019 212
-8401 -50
-9122 86
-9127 430
-9458 -213
-8396 -339
-9404 325
-9601 1053
-9601 246
-9626 1053
-8908 620
-8617 926
-9201 286
-9496 824
-8547 -930
-9193 331
-9338 263
-9338 46
-9227 286
-8857 -404
-9556 801
-9069 -53
-8710 -9
-9338 972
-9122 -628
-9352 263
-8514 422
-9707 -491
-9069 503
-9807 -385
-9812 -103
-9399 29
-9585 368
-8589 -924
-8998 -193
-9169 -243
-9498 824
-8998 63
-9122 303
-9427 -240
-9392 -232
-9427 88
-9127 86
-8974 78
-9338 -309
-9736 892
-8524 -97
-9404 607
-9019 -193
-9496 559
-8459 1024
-8456 812
-9142 -127
-8954 82
-8779 18
-8883 620
-8401 78
-9496 207
-9441 -108
-8726 93
-9056 503
-8487 1024
-9285 277
-9190 -212
-9260 -309
-9352 -581
-9729 551
-8347 593
-8656 90
-9090 556
-9659 -496
-8358 206
-9392 -605
-8754 -470
-9585 881
-9458 -136
-8413 812
-8396 -50
-8459 945
-9556 -31
-8837 -742
-8778 -613
-9626 246
-8427 -370
-9127 -127
-9464 744
-8347 366
-8413 -370
-8778 -666
-9498 274
-9201 -212
-8998 557
-9056 282
-8549 422
-8547 -810
-9626 261
-8427 273
-8454 788
-9142 -254
-9034 401
-9285 629
-8617 721
-8883 190
-8396 -1
-8680 496
-9309 277
-9019 401
-8656 -758
-9729 617
-9534 50
-9653 261
-8929 -476
-9687 215
-8999 1067
-9556 50
-8487 68
-8882 -404
-9585 801
-8656 721
-8456 945
-9496 744
-8307 635
-8578 -924
-9687 -491
-8786 -919
-8656 -9
-8539 -97
-9522 -226
-8779 -844
-9352 607
-8631 -758
-8710 205
-9464 -108
-8754 -666
250
-516 521
5 -381
-191 848
-1162 -106
-547 -605
-920 -180
-1009 -382
-199 -373
-416 881
-353 62
64 -485
-644 191
-1258 107
31 -500
-752 -509
-397 -768
-1117 -990
-462 -723
-354 -836
-962 -271
-1053 -1651
-258 414
-1093 810
-1148 810
-131 936
-375 326
-776 -260
-614 315
-285 414
-436 -791
-140 -905
-1148 848
95 411
-1162 -977
-1199 598
-594 177
-547 197
-487 666
-171 768
-1312 -301
-491 521
-93 370
-1332 -58
-1087 -1107
17 -339
-726 25
-131 772
-1229 598
-776 -155
-285 284
-869 -104
-1288 -301
-20 -583
-962 -372
-41 747
-1148 -287
-171 632
-191 89
-772 -509
-1327 -342
130 448
-1009 862
-752 -796
-526 -4
-1045 40
-1058 -787
-294 -88
-99 456
-294 204
-920 -389
-1009 -1027
-1229 730
95 448
122 -665
-93 747
-105 -304
-71 -226
3 -1001
-323 579
-1332 183
-99 370
-375 -768
32 -282
-358 -683
-131 -735
-1017 862
-953 17
-670 -466
-1288 -297
-890 130
-698 -682
-1187 632
-575 782
-1258 -529
-191 -766
-990 -382
-849 -380
-166 936
-229 658
-1045 -370
-1234 303
-849 218
-354 -8
-1017 -370
-1327 183
95 871
-890 -104
-695 -682
-1231 -654
-614 782
-670 214
-766 -243
-912 -245
-824 652
-229 848
75 -421
-890 -245
-103 226
-323 -8
-547 628
-912 130
-166 45
-365 -683
31 -339
-927 4
-1045 -1651
122 411
-285 14
-1229 -271
-575 197
-1312 -342
3 181
-1087 -156
3 -773
-1170 760
-766 -155
-1087 -276
-71 -583
-1231 319
-1058 -945
64 -421
-772 -260
-1058 -1107
-890 100
32 -119
-1093 -276
-953 192
-1268 -297
-644 214
-953 4
-491 666
-594 191
-358 761
-1199 632
-1009 620
-1312 722
-20 -773
-105 226
-41 -549
75 871
-397 -836
-1327 722
-1312 303
-105 772
-397 -477
-140 45
-1148 -977
-1231 107
-1199 -106
-912 -36
-166 89
-323 204
-804 218
-516 -4
95 -485
-990 -271
-487 -416
-869 100
-1327 -58
-547 177
-698 -796
-920 17
-869 652
-776 -690
-695 315
-99 -226
-1199 -271
-258 658
-258 -373
-695 -466
-99 -304
17 -381
-365 326
-1053 -787
-1170 848
-953 -372
-131 -905
130 -665
-1117 -410
-354 62
-1053 -945
-963 192
-927 -389
-537 881
5 -282
-166 768
-285 -88
41 448
-920 -36
-1231 730
-1141 -287
-1141 -990
-695 25
-804 -690
-1053 40
-1058 -156
-869 -380
-1234 319
-354 761
-537 628
-1045 -1027
-191 632
-990 -42
-912 -180
-416 -477
-990 620
-1229 -654
-103 456
5 -1001
-199 -766
-963 -42
-1268 -529
-397 -791
-1087 -410
-436 -723
3 -549
-323 284
5 181
-258 14
64 -500
41 -119
-526 -605
-776 702
-462 -416
64 448
-353 579
-824 702
-105 -735
-1187 760
-726 -243
500
996 -474
-1224 686
659 274
-1320 -35
1434 529
-964 -161
698 583
-831 -173
1131 -282
254 527
-786 -28
-316 868
1416 -73
-1197 182
-345 -272
-162 -838
-1224 182
-20 659
-648 366
707 -329
-1070 -108
-435 -798
1042 -621
-1030 763
1234 987
541 -761
-276 100
-131 -425
1015 -621
730 -329
1290 -249
1042 -474
455 610
-1009 617
-508 -250
950 -123
-959 -115
140 -296
-276 356
1069 -1161
1257 -272
259 -414
734 583
-8 -578
-1066 240
791 -502
49 722
1311 397
1234 -31
-187 -132
-1195 802
-1348 53
-1009 25
-345 -321
-602 978
-1232 686
596 -654
-342 -659
-766 1429
-342 -389
-908 82
1434 -73
1257 201
707 -173
1069 -694
-528 -250
7 275
-81 -67
734 798
763 123
568 -711
-119 841
-1197 -38
-250 356
384 137
977 -609
843 220
-121 -831
-121 40
843 808
734 28
-276 170
259 807
306 -713
-196 773
-965 25
1084 -880
-1085 -53
-250 773
850 -342
1015 -1453
829 242
890 -199
140 -367
850 -116
99 -649
412 137
527 -922
-288 140
-343 501
1046 -312
-1131 -153
527 -761
-807 -671
-831 1429
-1102 -53
412 -9
1360 902
1042 -312
541 1170
1185 589
-411 135
-165 566
902 -582
259 384
-36 -451
-1102 -209
170 -299
-288 100
-1176 436
695 521
-343 407
791 271
287 -541
-699 -576
237 446
-1085 -108
-885 -669
-1176 -308
1230 871
-848 518
1458 -770
237 527
-1176 457
-726 -576
-220 702
-119 -831
1185 871
-908 -810
1185 -245
1222 -31
140 402
1069 -1133
-602 -511
93 446
-1294 480
-871 -117
1222 -383
259 507
-20 107
-383 -459
-871 824
-669 19
527 1170
-316 2
841 91
-383 327
-386 -425
49 250
-355 -272
1113 -282
-430 -482
1230 987
-1151 -153
1458 529
769 271
-69 61
541 421
128 402
626 281
327 -93
-807 -173
-1103 198
7 192
1416 -247
-1030 -101
511 26
763 930
824 796
841 -283
-908 -816
-131 40
-386 -1389
-1294 418
677 274
-104 -67
769 284
482 1524
-220 170
924 -248
977 -119
-764 374
-322 868
818 652
-602 685
1134 -419
1257 793
-621 120
-622 614
-949 -115
-936 -810
-669 366
748 930
-985 617
351 473
647 -905
-150 -425
-568 -620
-885 -117
-162 566
99 -304
-411 -854
541 -711
-75 -120
-1232 -38
890 -582
-1066 -732
-786 -671
-288 497
977 -651
-1283 165
34 722
-1258 165
-885 -838
-481 -798
1113 -880
-886 -838
-1372 -35
-528 -710
1207 -367
-959 -360
-371 319
306 -536
-885 -827
-745 -358
1290 58
196 287
-965 -161
1392 -247
237 313
254 384
1319 902
384 473
1046 -1161
-1151 -97
482 26
99 -367
281 -541
-1232 483
1046 -961
-602 -431
-411 -425
1046 -694
996 -1453
-1070 649
1335 677
-508 -295
647 -65
1279 201
-547 -620
-386 -854
1240 224
730 28
658 226
219 341
-342 501
196 341
-411 -482
823 -502
843 91
-580 -431
1042 -961
1416 -7
437 678
351 -93
-69 67
-481 26
287 807
698 521
1163 439
-119 61
-1258 481
-1060 746
677 442
-621 -511
-46 67
824 242
1131 751
482 678
7 50
-462 -303
659 421
-648 614
1084 -801
-481 -535
-371 327
-985 110
-1151 -355
1240 -272
-371 -1389
-8 107
1219 -367
-886 140
-276 497
1327 677
71 -257
1360 378
-355 -321
-342 -1252
-196 -154
-20 -451
170 -296
1362 20
254 507
-1102 -998
734 123
829 953
-20 192
-766 1017
-1131 -998
-568 424
-669 374
659 226
49 50
287 92
140 287
677 -173
879 808
841 220
-1070 746
219 446
-528 -295
-1009 763
527 1524
-481 -998
-936 -164
-119 -229
902 -248
-1197 -355
618 281
977 -565
1335 -819
-766 308
-886 -669
1311 507
511 -922
-831 518
-316 -659
-1320 418
-435 -256
791 652
93 -257
49 -198
1163 589
327 -450
823 -283
-528 -149
1240 793
306 92
1134 -1133
890 349
879 -342
281 -414
996 -565
-547 -149
-196 841
-622 978
-462 -535
818 796
996 -651
-75 -121
-1030 -732
791 457
1144 -419
-580 424
-582 245
-1372 53
93 250
1134 751
924 349
-1195 352
-949 82
455 -557
-1009 -101
-1085 649
695 442
-1192 -308
1134 561
890 -83
1185 439
-1192 352
-959 -164
-36 -121
-1151 436
1362 378
-165 -132
-315 2
-315 140
924 -119
677 802
1240 304
287 -536
924 -123
1319 397
-766 -28
-430 -647
879 -199
-848 -827
1434 -7
-1195 457
-1348 539
618 -723
-386 -459
-1070 240
-1195 -355
1207 -245
1234 304
93 -649
-435 -303
-699 19
-322 -389
-1102 198
306 -450
-1283 480
-886 -816
-1030 950
658 -65
-345 -1252
412 57
1234 224
-764 1017
-187 -154
-580 -710
-46 659
1163 561
-831 824
-430 -256
128 -304
596 -723
356 -713
1416 20
1257 507
-959 110
841 953
1434 -770
412 -557
-669 120
-745 308
1392 -819
-726 -358
-1258 539
-371 -1218
71 -198
748 798
-316 -116
34 275
950 -609
-582 685
-1103 -97
7 -578
1219 -383
-1176 -355
-430 135
-580 245
763 284
-1197 802
-1232 481
626 -905
-104 -229
356 -9
1144 166
-150 -838
659 802
879 -83
-1085 -209
-345 407
568 -654
482 610
237 -299
843 -116
-355 -1218
-288 -116
1279 58
-1258 483
-196 702
763 457
1327 -249
1163 166
437 57
254 313
-908 140
99 446
-435 -647
-81 -120
1069 -801
-355 319
-964 -360
-1060 950
-508 -998
-508 26
500
-1149 900
-1281 21
-3230 276
-2868 -761
-1161 262
-956 -242
-885 594
-3114 -299
-905 127
-1958 -204
-1704 536
-1232 -401
-1460 -197
-1988 -824
-2422 409
-3061 1338
-1956 -840
-736 1008
-1756 230
-1855 -327
-1425 -423
-634 -288
-807 1083
-3085 452
-3013 994
-3383 -361
-1885 -660
-2543 -523
-1037 -275
-2350 680
-2221 1183
-826 1208
-1893 61
-2716 -481
-1130 900
-2314 164
-740 -932
-1299 335
-2669 -592
-3033 451
-3328 166
-1926 -640
-2517 -523
-1490 126
-3279 258
-3230 33
-2369 441
-1750 797
-931 -42
-1549 25
-3085 -299
-2716 -676
-956 572
-2122 115
-807 1008
-2221 706
-1334 -352
-3409 93
-2175 322
-1855 -20
-1253 21
-1198 357
-3134 879
-1809 -40
-3279 366
-3158 -512
-977 -41
-1789 -34
-1567 -188
-1149 262
-1567 -609
-2920 -169
-2122 1543
-2074 1114
-2450 -10
-1478 -577
-2323 1346
-2221 961
-987 645
-1899 61
-2920 384
-1253 -226
-2450 -435
-1567 483
-3230 -302
-1364 88
-1441 -106
-1364 -768
-913 689
-3186 -302
-1410 976
-2579 584
-2146 322
-2618 174
-2385 140
-1809 243
-2230 -489
-977 400
-2646 30
-2937 -860
-3383 -195
-885 251
-1823 148
-868 896
-1441 -197
-3328 -55
-885 896
-2288 693
-1130 121
-894 499
-844 429
-2997 994
-3328 -596
-1810 243
-2314 1332
-2486 327
-669 -386
-1692 536
-1719 -81
-1373 461
-894 594
-2146 1692
-1704 100
-1632 128
-1810 298
-2940 -363
-2422 -381
-2688 -592
-1149 -506
-2612 365
-905 689
-2385 680
-1364 619
-2369 -511
-2465 -458
-2046 970
-2288 1332
-1926 -178
-885 499
-987 389
-2439 -629
-2046 -51
-2214 706
-1810 250
-2089 120
-1253 -191
-3158 143
-3017 218
-1177 -138
-1830 298
-1311 88
-1730 -81
-2439 192
-3017 1074
-826 324
-2500 327
-826 1083
-1161 935
-3061 452
-2920 35
-2500 584
-2962 -234
-1299 856
-2260 -12
-2940 -234
-1253 93
-767 -965
-3356 -734
-931 49
-1667 1060
-2146 1075
-1978 636
-1220 357
-3293 -240
-913 214
-1460 -106
-1311 -651
-3114 879
-1956 -640
-1766 -34
-2074 101
-956 295
-669 -939
-1198 935
-956 49
-1364 -157
-2974 1346
-977 -242
-1527 -224
-669 -273
-795 -965
-1478 250
-2372 140
-2646 174
-2937 -1187
-3383 13
-2932 384
-987 400
-1334 -24
-1958 -71
-3343 -734
-3293 549
-3216 33
-3249 73
-1581 94
-1646 564
-3293 366
-2323 164
-1091 -140
-2288 541
-1709 447
-2068 970
-656 -857
-736 -915
-1888 -660
-2017 -51
-2122 1075
-3085 476
-1460 -577
-1494 -579
-2979 -884
-3013 218
-1398 619
-3249 276
-1037 664
-1082 499
-2783 811
-2551 -111
-1855 214
-2920 -860
-2450 -629
-826 429
-1882 214
-1757 960
-2068 101
-905 -466
-1220 -401
-1377 -307
-3308 549
-1527 25
-2214 1692
-2847 -29
-3017 1346
-1830 508
-1719 447
-2221 188
-1490 -546
-3033 1074
-2783 -150
-2350 900
-2868 84
-2979 -363
-2422 -26
-1756 469
-2084 -823
-3293 -596
-2551 -25
-2385 810
-1882 -327
-2754 789
-1149 33
-2821 112
-3416 93
-2258 -489
-1667 564
-3033 1338
-987 -41
-2754 -150
-2601 -25
-767 -930
-1494 126
-3249 258
-1988 346
-1756 797
-1756 960
-1082 461
-1549 -649
-694 -939
-1478 -546
-1581 -609
-1608 1060
-2422 -669
-2214 858
-1059 664
-2821 113
-1692 650
-2997 -884
-1766 230
-1608 483
-3317 83
-1730 667
-2940 25
-868 499
-1220 -138
-2119 1114
-1810 148
-1441 401
-2932 -793
-913 -42
-907 214
-1567 155
-2742 -676
-1373 -768
-2688 -481
-2646 209
-1978 -824
-2314 541
-2486 517
-1299 -226
-3186 143
-2372 -511
-3397 -195
-2885 -169
-2201 83
-1130 -506
-977 572
-2500 -176
-1608 94
-2618 -126
-2314 1346
-3409 -451
-1549 155
-2868 112
-3061 476
-3158 945
-1398 976
-1311 -24
-2146 1080
-3409 -37
-807 693
-1515 -579
-2937 25
-1848 -457
-656 -288
-1830 -312
-894 127
-1410 401
-2385 -631
-2517 -681
-2398 409
-795 693
-3416 -37
-1091 -275
-1478 -3
-1893 17
-1549 -188
-2465 -435
-2783 789
-2742 275
-1011 389
-2601 736
-2084 73
-1958 -840
-1750 1251
-1855 310
-2716 209
-905 499
-1830 -457
-2543 -111
-2406 -631
-1347 -352
-3409 13
-2046 247
-1311 856
-1709 818
-3356 -361
-2017 346
-2465 -10
-3061 27
-2612 736
-807 324
-2801 811
-2669 30
-634 -273
-2046 -823
-1608 -510
-3134 -512
-894 251
-3317 713
-1958 -301
-935 789
-1885 -451
-2122 1080
-2323 900
-2868 -29
-1011 635
-2475 -176
-1757 250
-2119 120
-1956 -843
-2914 35
-1441 -423
-2323 441
-1888 -843
-2258 -12
-1425 -307
-1281 335
-1103 121
-1527 218
-2962 -264
-1632 -510
-3383 166
-935 295
-2450 192
-1848 310
-1704 818
-2475 -458
-1704 460
-1667 650
-694 -932
-669 -857
-1882 17
-1646 128
-2601 114
-3343 -55
-2754 520
-2754 275
-3085 945
-2119 115
-2937 -793
-740 -930
-1978 -204
-2465 517
-907 -466
-2974 -264
-1161 -778
-2214 961
-2601 -126
-1232 -191
-1490 250
-2398 810
-1978 -301
-3033 27
-1823 -312
-868 446
-1899 -178
-3397 -451
-1037 645
-2646 365
-3249 -294
-1103 -140
-1515 -224
-913 789
-844 446
-2847 93
-1103 -427
-1220 93
-706 -915
-2940 -1187
-2439 -381
-1789 -40
-3216 404
-2783 93
-2439 -26
-2089 73
-2406 -669
-1460 -3
-1527 -649
-2028 636
-1750 667
-3308 713
-2230 188
-3328 83
-2801 113
-1719 1251
-2716 520
-2579 114
-3017 451
-1130 -427
-1490 218
-2260 693
-1882 -451
-1037 635
-2028 247
-3279 73
-1848 -20
-2175 83
-1667 460
-706 -386
-2914 84
-1848 508
-1750 469
-1161 33
-3230 -294
-1956 -71
-2288 1183
-1059 499
-1299 -651
-2885 -761
-3279 -240
-2500 -681
-1103 461
-1177 -778
-3158 404
-1377 461
-1347 -157
-2201 858
-2119 1543
-1719 100
-868 1208
500
-192 315
-503 129
853 -64
-443 -723
713 78
-946 16
-1440 -400
-31 -609
-443 -1191
321 -956
-267 -368
1094 -946
-273 -302
826 -64
-989 -738
667 -69
182 -330
-378 -148
-524 -557
-794 872
-241 -478
-900 -471
-511 69
-1027 366
684 14
-708 -634
-1065 366
-533 256
-1237 478
-1121 -744
-1292 -57
-735 -634
-820 872
574 412
539 484
-240 207
-1155 267
704 -908
281 305
-37 -819
-646 133
1266 -400
-436 -723
345 450
-41 -819
-1440 456
-1192 105
-307 -757
-273 -568
1113 -641
99 -81
713 14
618 676
488 906
618 50
77 -371
122 798
-548 138
-918 -384
1243 964
1222 214
539 -277
521 192
-1243 -760
-342 -47
-1328 1019
-65 -148
-595 -49
812 -138
-708 -95
-429 533
-757 -567
-1017 -827
13 396
-438 -672
-9 -886
1117 -107
-659 -161
574 266
-557 -1
-1470 13
-402 545
895 448
-65 -405
-18 301
-462 -690
182 -280
-757 935
-474 -511
-763 935
356 430
769 -519
-1155 362
-267 -302
-845 330
-191 599
-646 593
433 -494
462 73
-273 -368
-1086 499
-402 9
99 -121
-624 -184
812 317
603 293
1243 845
-659 -337
29 -886
1113 -107
667 859
-637 -730
-557 -404
213 -19
-139 -312
826 17
-1237 897
1013 -570
-41 -148
197 -845
-1167 -608
182 -379
-131 718
-659 601
-548 -404
-654 325
1013 -833
-474 142
539 304
-595 593
1195 -160
-1404 456
935 448
908 -688
-654 133
-1084 -318
-858 330
-37 -97
826 317
-524 -236
1187 -164
-1226 897
595 859
-1185 -943
452 -145
-654 -130
312 -956
-646 250
433 1065
1113 -946
-436 533
943 766
137 -121
1187 -160
-267 -761
-395 -929
-31 -235
452 73
-1086 -318
-201 604
-918 -753
515 -268
1171 -842
268 -943
433 -145
-200 601
742 78
81 -109
521 341
244 352
-177 105
957 -855
-1169 29
-918 -731
-240 276
-1017 -738
301 352
-1320 -57
678 257
788 -860
-366 -183
-139 718
943 44
-241 548
277 -849
-595 -184
-395 -148
982 503
-216 948
-307 237
1062 -588
29 -749
-820 728
-1169 -346
232 -615
-1404 313
1052 -98
-240 -478
-900 -731
-1353 313
-241 -761
769 -860
-533 138
-557 190
-1144 -916
49 396
-86 -346
-200 503
383 158
704 -35
-1320 -604
-1185 48
-216 207
1113 -225
-68 -835
-1192 -943
-65 -97
-1347 -900
1090 -225
574 409
-1421 -921
-401 9
-1167 -916
-1280 -112
1195 -400
-1199 736
879 -382
137 -379
1117 -641
77 -515
-401 -929
-273 -341
402 158
-1353 186
-637 250
-503 -828
908 -855
205 251
383 430
788 -837
452 1065
-9 -235
-1440 245
643 39
-1027 577
-1121 -448
-342 692
-1328 751
1171 202
-1199 791
-1169 -608
232 -943
81 10
-989 4
1171 -164
1094 -588
-1377 36
-307 692
197 251
123 798
-524 129
550 266
-191 601
742 -138
-1292 751
-1269 478
516 83
1017 -1072
-918 -320
-68 -405
521 -277
516 341
574 484
-882 -320
197 -280
-845 728
-139 -102
539 581
-1328 -900
-656 -130
-946 -384
713 -908
521 581
-514 69
-533 -236
1017 284
1222 964
-730 -470
730 -97
879 -813
879 17
-1185 791
-681 604
1143 -842
-200 119
419 -494
-462 -1191
-730 397
302 -857
957 -740
879 604
-1113 499
321 326
383 326
419 -368
826 -837
-735 -470
-204 47
281 -857
-240 47
997 -833
-1353 1019
-1174 29
-963 -420
99 -180
667 257
-326 -757
433 1166
13 301
-201 503
-763 533
997 -740
-378 -338
-708 -337
1117 -397
-267 548
961 766
678 696
-1347 186
-794 533
-139 624
516 192
-1144 -448
-342 466
-548 660
-1377 -63
-429 -151
-963 577
-735 -567
713 -97
232 -19
49 -515
-462 -828
-300 -341
-1185 -346
99 10
-18 -120
-443 -690
-438 545
-858 -349
961 600
591 293
-177 -102
152 613
488 273
476 -127
-503 -32
-1169 267
1045 -867
-37 -609
-1065 379
1045 182
81 -371
-946 -753
-366 -338
684 -69
1052 182
515 351
643 676
213 -615
1017 -494
547 304
-1226 105
81 -180
-147 624
742 -519
-595 190
302 -251
301 435
-557 660
895 -813
-659 604
-963 16
-963 4
-681 -95
-1174 48
-1280 -760
345 435
123 613
232 292
452 -127
182 -71
-191 105
515 273
-131 791
853 -382
895 604
-200 948
197 -330
-307 -568
1017 -570
356 450
-94 791
982 600
-1226 -816
1178 214
-1404 -921
-241 276
-1052 -827
1062 -867
-1113 362
-708 397
-575 -1
-342 -183
-402 466
-1440 13
1171 -79
49 -109
-300 237
-147 599
-192 119
1013 503
-656 -161
-94 787
1045 284
-1226 736
-735 -663
268 -849
1117 202
1013 -494
-402 -151
516 351
684 -35
402 -368
-1269 302
-1404 -63
205 279
1266 845
152 -71
-462 -511
-882 -349
-68 787
-116 -312
742 -663
-646 325
684 696
-503 142
-624 -730
-37 -120
-1470 245
550 245
-1328 -604
603 50
312 -251
-116 -346
935 44
591 409
1143 -397
213 -845
476 -268
-204 604
-514 -557
547 245
-1353 36
213 279
1045 -1072
383 1166
595 412
-1084 379
515 83
-1421 -400
-788 -471
244 292
1090 -98
-68 449
-1243 -816
-1292 -112
730 -663
-654 601
-511 -32
-65 449
1178 -79
-524 256
667 39
-946 -420
-326 -47
-191 315
-443 -672
-575 -49
-1292 302
49 -749
-1052 -744
277 305
895 -688
-548 316
-86 -835
462 906
122 -81
-533 316
-788 -663
500
-9158 -686
-8872 355
-7922 -988
-7723 -989
-7316 364
-7981 413
-7811 586
-7861 54
-9321 -119
-7507 -443
-7202 -775
-6928 96
-7811 1040
-8401 -108
-8500 1116
-6915 -562
-8126 70
-8893 587
-9012 -745
-7836 709
-7510 -443
-8126 -478
-7943 64
-8271 320
-8778 141
-9274 -105
-8206 -535
-9274 518
-8646 584
-9088 704
-9343 -174
-9333 -385
-8425 -164
-8271 -491
-9136 -90
-6928 449
-6915 -466
-9136 105
-9345 -418
-9333 -73
-7947 -27
-7988 413
-8296 439
-7860 -231
-8432 -164
-7722 1
-9219 972
-8903 452
-7365 -1133
-7173 -268
-7037 402
-7860 685
-7231 93
-9342 383
-9435 -877
-7267 20
-8764 431
-6877 -558
-6946 -366
-7750 -989
-9076 92
-7264 19
-7242 -914
-9357 -418
-7890 -988
-7246 -275
-9191 -47
-9136 157
-8456 -724
-6928 -959
-7579 426
-7943 -282
-7918 881
-6877 -389
-9076 -467
-8047 -403
-8709 -494
-8432 241
-7231 645
-9474 271
-9181 -895
-7086 -395
-8693 -89
-7454 8
-9191 536
-8432 908
-9212 -895
-8764 -638
-7722 -91
-7968 -456
-8739 -418
-8893 355
-7037 299
-7052 299
-7108 508
-7675 -32
-7811 55
-8015 -150
-9336 88
-7202 73
-9173 536
-7173 -787
-7507 -46
-8926 452
-7377 364
-6987 -173
-7237 93
-9080 -144
-8786 431
-9212 -47
-7981 -184
-7617 430
-6897 96
-7070 -395
-9493 499
-9336 179
-6987 20
-8739 -256
-7723 735
-6897 -562
-8963 -236
-7550 420
-8100 -628
-7395 -506
-7596 87
-7395 6
-8183 278
-7943 -27
-8926 691
-8575 -27
-8344 306
-7493 -394
-7988 202
-9043 -648
-8126 282
-9357 545
-8778 -638
-6963 449
-7395 -1133
-9080 -467
-7108 -232
-8951 593
-8039 973
-7202 -513
-7836 323
-9245 972
-8085 -407
-8926 -365
-6963 -366
-7172 -436
-8394 365
-7037 -254
-9343 545
-8575 475
-8170 -596
-7526 420
-9474 393
-7195 -272
-8815 927
-8425 908
-7616 545
-9406 -921
-9121 -90
-7836 255
-7338 -536
-8764 53
-8857 755
-9012 962
-7465 -505
-8229 140
-9477 332
-8385 881
-7377 169
-9415 -877
-7052 538
-8321 436
-7981 -456
-8100 -826
-9181 -686
-8723 -256
-8059 -993
-8401 241
-8432 540
-7918 64
-8418 365
-7790 55
-9237 -428
-8684 -89
-8903 587
-8622 733
-7052 -419
-7267 931
-7955 51
-7338 -696
-9452 271
-7221 -110
-9245 685
-9012 514
-9073 119
-7267 -696
-8709 144
-7380 6
-7202 645
-8963 593
-7255 47
-9321 -385
-9114 640
-7130 -1072
-8229 255
-6991 -254
-9073 827
-7636 580
-6963 493
-8739 -500
-9304 16
-8418 391
-8693 279
-8521 296
-9388 -921
-8418 241
-8661 646
-8100 -407
-8547 296
-7947 -546
-9037 827
-8271 -139
-7616 -963
-9343 -73
-9415 699
-9435 -142
-6963 -173
-7699 -91
-6877 -828
-8461 -648
-8684 584
-7550 426
-9037 962
-7869 -231
-8418 -86
-9076 119
-8183 -165
-8831 -92
-9121 229
-8521 284
-7579 592
-9215 -263
-8296 -13
-8857 686
-6928 -466
-9088 -11
-6835 567
-9088 396
-7264 20
-6987 423
-7507 557
-8461 -724
-7424 -212
-7267 19
-9510 176
-7874 -743
-8170 70
-7507 -394
-7246 -63
-9114 -11
-8039 425
-8500 505
-7454 -46
-8831 -121
-8170 -165
-8023 202
-9321 58
-7750 702
-7869 137
-9450 699
-8243 185
-7723 1
-8796 859
-7009 403
-7316 -658
-8764 -500
-7815 586
-8425 -86
-9012 -236
-7264 47
-8292 -13
-7922 -518
-8796 95
-8951 -365
-8739 53
-7195 -1200
-9493 564
-8857 -92
-9219 784
-7771 702
-7771 79
-8229 -139
-8815 686
-7113 -232
-8220 69
-7836 685
-8023 -150
-8394 -137
-7981 51
-7201 -513
-7242 -110
-9412 -111
-8893 72
-8206 69
-9412 -447
-6987 493
-7465 -584
-7947 -282
-9343 383
-7009 423
-8693 866
-9415 -595
-7947 35
-7617 580
-7648 508
-8385 -137
-8723 -494
-9237 -105
-9304 -119
-7579 87
-7790 1040
-7790 79
-9215 784
-8456 540
-9114 229
-9342 88
-7201 -490
-7142 -436
-8344 436
-7255 -275
-7430 8
-9043 -745
-7086 508
-9357 -819
-9369 954
-8605 349
-7264 -914
-8126 -826
-7195 -490
-8926 72
-7890 -592
-7195 -268
-8015 -184
-7617 592
-8456 241
-8987 691
-8206 278
-7648 430
-6877 262
-8575 -249
-8500 -77
-9345 -174
-7860 335
-7526 557
-8786 859
-7811 255
-7943 -518
-8296 -998
-7380 169
-7201 -272
-8321 -998
-9073 92
-8394 -108
-8489 -648
-8684 646
-9406 -459
-7596 -963
-8206 255
-7860 323
-9474 564
-7636 537
-7617 545
-7237 -63
-7874 -592
-8394 881
-7113 -612
-8059 -628
-8693 144
-9357 954
-7173 -1072
-8361 864
-7722 537
-8547 345
-8243 922
-7861 335
-9088 -144
-8500 284
-7815 709
-7890 137
-8521 505
-8802 95
-8425 391
-8292 -491
-8661 669
-8100 282
-9412 -595
-9297 16
-9388 -447
-9415 -111
-8023 973
-8872 755
-8605 345
-8646 -996
-9321 179
-7395 -584
-9304 58
-7201 73
-8385 864
-8170 -535
-7070 538
-6835 -828
-7293 -658
-9369 45
-8723 -418
-9076 396
-8547 475
-9073 -648
-8684 866
-8622 -27
-8987 514
-7790 735
-8547 -249
-8489 -77
-6897 -558
-8631 733
-8575 345
-8857 -347
-8271 185
-7430 -212
-9173 157
-9474 332
-9304 685
-8023 -403
-7722 640
-7221 -775
-9388 -819
-6847 262
-7142 -300
-7365 -536
-7293 931
-8893 -347
-8229 922
-7968 -546
-6847 567
-7955 35
-8622 -996
-9452 -142
-7493 -505
-9510 499
-8296 320
-7699 -32
-9136 640
-8622 349
-9388 45
-7869 -743
-8361 439
-8047 -993
-7052 402
-9212 -428
-9114 704
-9412 -459
-7113 -419
-7550 206
-8631 669
-7130 -612
-7173 -1200
-8723 279
-7113 -300
-7424 -506
-8085 425
-8220 140
-6946 -959
-8385 306
-7579 65
-6897 -389
-7890 881
-7723 640
-8802 927
-8151 -478
-7675 508
-7172 -787
-8151 -596
-7037 403
-8786 141
-7510 206
-9158 105
-7550 65
-9477 176
-8786 -121
-8456 1116
-6991 20
-8521 345
-9212 -263
-9297 518
-7869 54
-9450 393
500
2162 -1078
1843 -725
1017 -617
1284 -30
1180 162
1101 753
1358 -145
892 -45
-1 -824
2375 -46
1995 595
1166 162
2090 167
2347 -83
1348 -729
1809 568
1877 362
-370 673
58 -341
-370 354
1946 -75
1520 198
1884 89
847 -219
1062 -13
1811 34
2272 -83
72 663
992 -617
-327 77
1912 54
-17 -846
1078 -868
-104 -234
2347 106
2044 74
-333 -479
1772 262
1843 -336
792 -155
2390 856
1847 362
121 -780
-72 -234
72 730
1809 -76
2430 139
-131 924
2442 478
62 -130
2362 931
-44 -558
-276 -525
2012 687
1079 950
-389 673
595 147
2242 74
642 1021
1210 54
2012 -308
868 -78
1847 -336
372 472
642 477
601 690
792 64
1809 176
868 -998
1579 -315
1381 560
-1 402
-333 77
90 198
2383 931
968 260
892 766
1734 487
917 750
516 943
767 176
1912 660
1119 -746
2190 -542
1435 -250
-261 -525
1068 -469
145 -207
724 -406
1041 -13
2362 396
372 332
992 208
1453 516
551 182
2406 778
495 -292
1486 -618
1631 -65
1062 -708
-44 13
1381 -451
1921 54
868 -503
2044 -162
1435 -531
1041 -846
1717 487
58 -130
-286 -663
121 -453
145 -780
1717 189
669 1021
-393 22
889 -988
889 -503
319 42
372 -574
1974 -308
642 809
-286 -82
2462 -425
744 536
10 -300
929 524
2488 478
-34 -736
1757 -185
2430 -202
-102 34
868 166
2206 -260
-178 -287
1078 -469
259 -744
259 -453
2356 -1
2129 30
815 -155
815 -219
968 8
1974 -435
1520 609
1877 -207
129 174
1107 -576
1946 -898
1884 -370
-41 -558
2162 92
892 -988
2173 -542
1660 306
768 176
1192 663
847 -998
2488 -761
1995 96
29 -1053
1128 909
1166 325
612 636
917 -148
1912 -248
1080 -798
841 166
-261 165
2430 859
1772 -254
-44 -942
10 -308
349 472
-178 -227
1358 481
1660 -281
-389 -151
1811 -76
-286 297
1798 176
612 241
177 68
-39 -250
1406 560
2294 -339
1243 153
892 750
29 -1062
1604 747
1152 325
390 -62
-44 100
551 807
-327 -82
-39 -736
1689 568
-393 -151
768 18
-178 471
1877 89
2479 -425
2044 -41
669 60
1101 -798
2226 92
1152 -746
407 -128
2119 -968
1381 326
410 43
110 -4
2442 859
1552 -315
-370 14
2383 835
-389 -551
2430 778
2442 -202
1422 -250
1766 -254
1974 96
1180 663
1358 326
1284 -532
465 43
1814 13
-249 -663
-341 -479
2015 323
2190 -260
259 -214
1243 -722
2442 349
1406 -451
410 332
88 -968
1534 123
919 524
110 -453
55 -170
917 709
-311 354
177 125
767 1041
1520 106
-41 13
438 410
2044 732
2162 542
58 -792
29 -170
724 868
1552 123
465 -18
2119 -257
792 18
2323 -604
2043 74
1128 357
2068 732
-1 -300
2137 542
741 1277
55 -792
830 64
153 723
1107 199
110 -691
874 766
1313 -532
230 -744
741 1041
-249 -57
1660 747
968 208
1233 153
495 338
1877 660
58 -968
-276 86
1520 -30
1798 262
917 -49
129 -4
2242 -396
-17 -824
90 29
327 -574
1757 -746
1119 199
473 -18
1631 -103
697 60
2226 -396
992 -141
1209 -714
2356 396
2390 -46
1868 -443
153 174
319 52
1192 -178
1946 -105
495 81
-286 86
551 993
2068 167
642 636
1101 -576
1453 198
289 -214
170 723
2122 49
1486 -893
1261 181
205 68
577 807
1348 -113
792 438
2356 -604
2390 835
-311 297
-104 -227
1921 -898
177 -590
-199 681
908 -49
612 809
1406 2
407 -7
669 1277
577 608
10 -686
495 410
1233 54
1356 -113
-341 14
-249 165
1261 729
1809 190
177 -207
10 -1062
1348 -165
2090 -257
2043 -162
1946 -435
947 -31
2294 -562
1912 -370
88 198
2012 -251
1348 473
2375 -1
-161 924
601 608
-249 -287
2356 106
55 -341
1521 606
170 125
1453 -531
-41 -846
1734 -185
2043 -251
349 -68
2272 74
1814 34
1320 -722
874 -78
1811 -622
1313 473
205 206
1480 -223
595 182
947 260
1017 -846
1062 -492
929 -31
1921 -105
1604 619
521 943
-72 -942
1107 357
-34 402
327 52
1579 -103
601 147
410 277
741 -406
1974 -75
473 -292
1998 595
1579 619
1356 481
1041 -141
1921 -248
1068 -708
992 -518
1511 -893
2479 -761
947 709
1210 -714
1638 -65
438 277
516 338
29 -308
830 929
-131 34
2090 49
1282 -30
551 81
2323 -339
2390 139
1107 753
947 8
1080 -868
2015 449
744 -169
-161 471
741 536
2129 -1119
612 690
1638 -281
-227 -57
1209 -178
2162 -1119
-199 102
908 -45
-102 100
-227 681
767 -169
1422 2
1068 190
1811 190
2206 -562
410 -7
230 -590
1579 211
841 929
1868 -207
1453 -223
1101 950
601 241
-370 -551
968 -518
1320 -729
62 730
55 -1053
2043 449
1998 687
1381 -145
2406 856
1041 -492
1068 300
1534 606
2137 30
88 -691
1480 -618
2122 -389
1210 909
1766 -746
1062 300
-178 102
1814 -622
1521 609
1534 211
697 868
110 29
669 477
1689 306
-1 -686
2090 -41
1210 181
1079 190
1358 -165
-389 22
767 438
327 -68
1406 516
2129 -968
1843 13
372 -62
521 993
289 42
2012 323
2462 349
1814 -725
1660 189
1843 -443
-41 -250
2129 -389
390 -128
259 206
2173 -1078
327 -453
1534 106
88 663
1282 729
1511 -30
919 -148
