193
0 1
2 4
0 1000000000000000000
0 0
1 1
3 3
7 7
15 15
31 31
63 63
127 127
255 255
511 511
1023 1023
2047 2047
4095 4095
8191 8191
16383 16383
32767 32767
65535 65535
131071 131071
262143 262143
524287 524287
1048575 1048575
2097151 2097151
4194303 4194303
8388607 8388607
16777215 16777215
33554431 33554431
67108863 67108863
134217727 134217727
268435455 268435455
536870911 536870911
1073741823 1073741823
2147483647 2147483647
4294967295 4294967295
8589934591 8589934591
17179869183 17179869183
34359738367 34359738367
68719476735 68719476735
137438953471 137438953471
274877906943 274877906943
549755813887 549755813887
1099511627775 1099511627775
2199023255551 2199023255551
4398046511103 4398046511103
8796093022207 8796093022207
17592186044415 17592186044415
35184372088831 35184372088831
70368744177663 70368744177663
140737488355327 140737488355327
281474976710655 281474976710655
562949953421311 562949953421311
1125899906842623 1125899906842623
2251799813685247 2251799813685247
4503599627370495 4503599627370495
9007199254740991 9007199254740991
18014398509481983 18014398509481983
36028797018963967 36028797018963967
72057594037927935 72057594037927935
144115188075855871 144115188075855871
288230376151711743 288230376151711743
576460752303423487 576460752303423487
2 2
4 6
8 14
16 30
32 62
64 126
128 254
256 510
512 1022
1024 2046
2048 4094
4096 8190
8192 16382
16384 32766
32768 65534
65536 131070
131072 262142
262144 524286
524288 1048574
1048576 2097150
2097152 4194302
4194304 8388606
8388608 16777214
16777216 33554430
33554432 67108862
67108864 134217726
134217728 268435454
268435456 536870910
536870912 1073741822
1073741824 2147483646
2147483648 4294967294
4294967296 8589934590
8589934592 17179869182
17179869184 34359738366
34359738368 68719476734
68719476736 137438953470
137438953472 274877906942
274877906944 549755813886
549755813888 1099511627774
1099511627776 2199023255550
2199023255552 4398046511102
4398046511104 8796093022206
8796093022208 17592186044414
17592186044416 35184372088830
35184372088832 70368744177662
70368744177664 140737488355326
140737488355328 281474976710654
281474976710656 562949953421310
562949953421312 1125899906842622
1125899906842624 2251799813685246
2251799813685248 4503599627370494
4503599627370496 9007199254740990
9007199254740992 18014398509481982
18014398509481984 36028797018963966
36028797018963968 72057594037927934
72057594037927936 144115188075855870
144115188075855872 288230376151711742
288230376151711744 576460752303423486
576460752303423488 1000000000000000000
0 511
1 2047
340087221387667988 873748801531549843
83656411545660926 365889531416881581
148971850516706858 640471802971534309
248506986628066057 311569910967255192
71986045325947038 843839008984891312
673159421351964723 978492757771177675
29448059436834014 536524247236069388
112025405206314611 819771113898294730
359962047013426794 532745748997338794
283862600210027857 778001946438407366
209405379213592818 916408693820580452
80715618012779456 540312059120436877
740296966376103565 752473409513097014
65644838657792475 160374779211868796
278868890172583862 895171185512748644
609920826730886517 760190835255576204
187679322183649550 255378241490472791
21788347223318845 992269768785040385
8644137860823576 208060795590801830
127701287063127653 659558238607935098
1130863831 1211244004
1523444001 1783044906
1845117792 2067469287
361669222 1869754395
913333020 1637561862
934400823 1576828387
1018250403 1658222141
585215913 1524440551
1244574560 1411671633
90115206 2019379054
803123910 1461799449
221942214 2147175817
198513277 939803019
371234161 1184878631
1138050779 1412317304
398611321 1493991973
554709915 1442383962
663636653 709357698
158649767 1433645766
682303888 1820849257
2052 2484
3479 6405
472 9852
1086 6590
1746 7516
2969 5050
458 1541
4472 4906
2805 4157
5088 9647
6499 9733
2274 4405
6552 8587
2879 5666
3170 7380
601 9121
5788 8951
3389 4710
2865 3577
213 7439
0 1000000
0 1000000000
0 503435586
1 245856774353
3 57864935986
2 134344
0 35354543
0 1439583584934534
2 525495347689336
