140
5 6
13 40
10 30
200 50000
4 4
4 3
4 5
1000 250000
1000 249999
1000 250001
0 1
0 1000000
1000 1
1000 1000000
2 1
2 2
1 1
2 1000000
7 11
7 12
7 13
7 14
500 500
1000 1000
3 3
5 5
6 6
7 7
8 8
9 9
10 10
11 11
12 12
13 13
14 14
15 15
17 24
777 777777
99 999999
123 456789
98 72447
634 1783
356 96756
395 88405
468 3851
978 13051
686 27177
240 8917
287 72384
460 10915
260 60664
142 78810
392 31177
232 65656
854 16834
450 92364
95 32826
306 90873
112 20507
222 8198
907 70577
120 21514
286 9003
787 502
960 66685
280 67312
293 69628
659 46806
940 80210
390 70138
39 92103
793 93287
598 31525
59 18773
197 45705
452 63641
156 65786
502 99628
882 15892
187 2532
176 2644
327 86922
920 60168
667 69626
706 44459
423 839
637 67959
390 25243
769 40281
48 87169
376 34266
505 73627
517 27865
515 96957
178 81858
265 54850
606 980
97 69682
309 91770
849 1383
617 74294
26 48456
594 26879
582 322
594 43077
730 80795
723 58313
774 27316
992 60009
670 83446
5 29465
710 43181
636 76345
412 74800
219 17379
532 69241
477 19705
818 3414
547 76266
20 82400
227 5766
479 26133
744 72926
519 95957
188 6102
771 14357
10 48833
527 17195
838 19454
161 91949
247 68652
697 97737
988 18687
643 33303
639 39955
241 17708
587 70706
441 75094
752 13901
9 69702


