1005
5 15 100
2 10 20
0 1 0
100 100 10000
100 1 10000
90 6 4792
88 89 536
47 33 4980
42 92 6232
53 81 347
15 7 6707
13 16 227
39 68 8735
35 74 6883
61 23 7821
71 52 1288
42 80 2052
40 55 8441
84 23 3363
17 79 2268
100 81 5938
74 72 930
40 65 5567
20 76 372
47 98 2095
45 76 675
96 33 7059
70 16 3415
33 42 8263
78 66 3091
20 68 3258
55 14 5062
71 97 956
34 22 1422
80 1 9250
18 100 4186
34 29 1441
70 35 8007
34 43 3263
95 17 7753
89 18 8633
51 18 6489
49 52 7279
47 60 7993
18 22 2733
63 30 2750
26 72 9570
95 42 4551
44 62 4416
4 11 5207
69 3 4243
30 38 518
49 61 6357
24 58 1312
30 91 9038
85 48 8040
98 34 6778
20 81 6872
23 53 4714
36 71 4325
35 38 8555
19 79 7857
98 56 7484
95 14 2505
62 11 2161
7 97 1006
59 74 9875
49 39 3810
1 21 6481
37 20 9501
62 9 5384
97 83 8029
11 38 8134
67 33 3455
67 24 8130
40 81 8128
100 90 7587
5 57 1843
41 2 524
51 94 2263
87 35 8802
44 97 2799
62 43 9734
81 46 2185
96 1 8683
26 7 3007
4 50 7375
43 52 1310
5 63 2939
98 38 4073
56 42 6501
4 60 8350
93 43 6362
14 28 4415
66 19 5521
31 31 3531
74 99 7748
45 42 9290
31 70 148
51 1 3960
37 31 2955
4 35 9058
74 66 1938
44 40 2665
58 9 3686
93 24 6765
84 20 5329
49 28 2277
31 52 4715
63 64 487
7 1 4414
20 72 9143
28 17 8288
79 77 3713
50 30 5903
12 3 6987
59 73 1381
20 48 8284
8 21 5937
47 21 929
32 13 9412
78 51 9140
80 63 5512
76 95 2864
79 58 8836
13 90 8228
3 41 2343
64 50 7791
30 46 835
36 46 6495
3 86 5998
82 68 7729
57 65 9011
0 40 7939
86 31 8028
31 31 5341
98 1 5648
54 59 8087
87 86 9741
90 82 3295
41 18 3727
85 21 1197
82 27 7032
69 91 7734
96 44 5339
28 23 5765
6 85 4443
84 56 5052
87 70 1659
63 51 6717
9 71 9307
39 42 368
51 92 5042
10 15 4833
64 40 1444
87 83 3768
3 13 83
93 57 9594
98 4 4453
0 82 6486
3 47 7850
63 28 718
21 52 1095
19 93 3755
74 83 5613
28 90 6173
41 15 7755
84 75 4003
99 85 3630
98 32 359
54 3 1269
53 95 5506
56 86 578
80 71 5597
89 20 5793
42 70 1475
56 10 268
46 76 2829
13 11 7538
40 56 2814
90 32 4249
99 36 3741
9 32 1464
93 9 4537
25 92 7787
89 93 6167
77 69 6099
37 90 7000
51 52 568
79 57 7818
73 24 694
51 22 6690
8 66 8238
45 21 9920
11 92 2983
48 66 3363
36 42 6578
45 59 2358
43 20 5656
18 34 818
24 56 6833
96 47 5390
86 10 5611
34 64 7470
58 46 8218
56 66 9842
65 59 1798
74 7 284
27 47 2212
89 35 8071
3 73 5240
1 32 1397
98 95 2684
50 22 1688
100 3 8487
88 2 975
22 19 6304
73 8 9268
43 42 1378
36 21 2556
45 40 9019
100 5 7883
42 7 5565
57 45 8179
23 24 6686
23 72 6399
32 9 1694
54 8 199
1 53 1101
69 3 5949
12 53 640
23 12 4628
57 69 6892
81 25 3964
72 47 3501
99 32 7243
58 96 9750
81 27 2534
20 25 4394
24 79 8625
8 17 2586
6 75 9673
29 92 5346
83 99 7504
46 70 3080
38 94 3336
30 82 3722
100 1 3563
53 44 4041
34 62 2734
16 11 9786
75 34 997
34 93 6827
57 77 9619
87 35 5024
43 12 2752
29 9 7835
60 67 3784
53 98 876
63 84 2372
34 75 8789
7 31 2056
77 62 2421
69 69 5897
48 10 3217
6 38 8455
80 19 2458
63 5 145
1 86 4085
64 34 5147
34 3 8230
50 67 6091
30 41 1062
56 82 9075
58 72 5762
31 84 6809
80 41 412
22 91 7952
6 12 5482
24 8 8712
27 89 5833
28 86 1492
79 61 7420
22 72 2466
15 38 4959
28 8 9372
60 75 4803
90 11 6066
80 10 3500
66 83 6509
68 87 1415
89 45 7091
20 25 7181
17 19 8740
77 7 452
37 67 4164
92 82 839
31 67 7930
64 95 1037
6 2 9022
91 90 4094
79 33 4944
66 100 2824
86 5 478
38 42 4028
41 18 1701
91 50 9383
97 77 9839
91 94 7297
74 30 9838
12 65 7225
20 13 4074
45 23 6987
93 6 3150
67 22 9478
55 24 8203
62 95 3356
87 15 4174
15 10 1221
39 18 1952
89 76 2386
55 66 1796
22 90 7559
14 94 7802
19 20 1787
82 34 6806
100 47 5367
79 40 7993
19 30 743
25 84 5756
5 21 5576
10 28 7008
40 99 7265
91 75 394
0 92 4620
61 60 3363
99 19 5556
79 16 196
4 70 1463
22 16 371
73 66 5268
66 41 9377
58 40 240
78 67 9742
5 98 4881
65 43 6861
21 94 8248
97 7 4552
98 82 2838
57 48 8416
61 4 4487
18 87 9247
55 8 2302
20 35 4144
69 2 5537
95 76 3830
30 37 8616
16 88 2098
44 53 2910
98 86 7428
31 76 2720
5 61 9711
75 69 9441
12 67 2791
52 42 8852
24 76 9099
13 97 1549
36 25 8176
26 49 874
90 84 154
25 81 9492
58 83 6316
5 22 8562
90 42 6573
48 93 8838
14 96 1944
43 98 3049
30 29 4677
66 10 3614
97 80 9485
80 50 9510
85 60 3012
35 78 4518
92 60 1120
100 62 4882
36 4 2301
52 11 4688
90 94 2518
91 3 9197
2 25 297
0 54 374
57 89 8938
37 88 699
95 4 4586
21 99 4776
99 10 8375
19 32 7535
47 3 8207
57 70 89
72 51 779
40 2 2326
10 55 8353
18 64 5561
10 39 3105
62 56 389
3 25 7106
86 89 8029
97 26 9255
90 22 7781
96 58 5408
1 9 6046
26 76 1604
16 39 1665
38 10 7077
11 25 9245
33 9 6897
32 87 2798
90 36 8758
12 27 1079
15 53 3864
95 11 8119
40 19 4213
62 96 5536
11 59 2871
36 71 596
4 9 7297
81 57 6757
5 97 9345
50 32 3572
85 86 7336
85 25 4828
10 96 2544
42 98 7842
37 44 3486
7 79 1245
100 71 9585
44 16 1720
96 80 864
88 79 3712
83 44 1288
58 87 7205
81 50 978
37 47 2103
2 62 1667
3 60 9190
33 84 2087
30 41 5425
33 94 6388
51 89 9480
27 22 1720
20 54 3633
20 21 7657
39 53 3051
29 7 3578
58 36 8093
66 5 3411
11 85 655
46 49 4492
21 91 327
65 92 7629
20 53 9455
54 55 3994
84 80 521
94 95 5926
25 72 1904
90 42 9397
21 42 4969
56 77 6400
38 57 2561
80 30 2999
37 6 5365
93 80 9904
60 56 2887
45 54 5284
36 25 2433
33 23 6591
95 4 5466
81 44 8559
44 85 1953
20 53 6710
51 10 1330
37 80 9600
29 71 2746
99 23 3120
97 89 7282
78 43 7346
16 56 3593
53 26 1018
57 85 4286
63 75 2654
98 95 9458
58 79 6763
54 73 3058
29 97 1496
47 30 6653
1 66 2537
0 78 9016
0 27 807
61 23 1882
40 64 6887
100 16 5733
14 6 7465
53 26 1222
2 8 2903
32 94 3917
30 62 5551
95 47 2264
94 72 5972
82 74 1779
63 3 5214
6 62 5670
15 16 1619
73 44 2442
50 84 7991
62 43 1414
7 56 1047
6 35 4737
29 79 8484
45 4 9881
49 33 7388
23 90 5409
88 58 716
44 78 8887
2 86 9657
19 83 3300
27 49 9388
59 43 4498
13 36 3730
55 9 9664
30 3 1556
95 71 6234
77 80 457
59 12 3153
45 32 3066
86 68 5966
68 84 237
7 45 3507
33 58 6192
40 99 4408
23 88 1094
17 38 4220
32 22 648
66 34 9675
4 41 3331
67 70 1815
69 12 9154
11 65 8858
33 31 8443
100 71 7519
22 70 1268
45 57 6022
98 91 2898
93 72 6296
30 39 5162
88 55 8375
63 29 8851
61 53 8296
16 5 6360
17 82 6683
98 85 3669
26 45 8790
9 71 5323
75 62 6244
27 63 8491
57 76 4614
70 50 1999
42 6 906
63 99 2703
96 39 8076
1 89 5164
55 56 4757
46 69 6451
50 19 3087
38 35 7507
100 50 4134
43 77 6852
89 13 3074
16 29 4000
76 16 6640
62 37 5659
42 86 5930
67 3 1079
42 12 3745
73 86 6565
80 75 7913
83 17 7635
83 67 9445
88 87 9288
48 32 6007
60 51 5676
68 48 9243
27 27 4906
15 25 6755
0 8 8870
87 77 1475
79 27 2722
4 96 9060
39 56 903
34 64 6674
54 62 3144
94 19 8846
58 60 2825
31 11 281
23 22 3748
89 96 4795
70 97 9149
68 9 9594
79 52 6800
13 28 6683
18 82 6573
17 51 7293
85 35 6036
7 40 1001
53 53 6699
48 3 1376
57 25 8489
53 56 2761
57 58 5048
76 24 4638
66 98 3571
53 63 7400
74 28 3085
76 58 6187
15 9 6457
8 49 2805
92 90 7765
10 98 2711
63 58 6131
60 98 8371
66 72 4398
46 46 8400
94 4 156
27 97 5932
41 51 3295
42 32 9528
21 73 8428
95 39 6276
40 60 8819
88 40 2788
5 87 6735
81 12 4662
2 35 1027
36 11 5440
33 68 8037
68 51 9530
82 60 5099
46 40 273
53 50 4808
81 50 219
40 23 2189
93 74 9257
19 81 9732
52 32 2099
13 22 7245
13 34 6554
79 33 4382
39 97 1041
9 27 4623
22 34 4323
96 45 6327
42 46 3635
75 37 1134
33 83 3403
42 14 4284
6 31 4937
83 70 8307
45 45 5617
14 97 8674
93 67 1887
77 66 1318
38 16 4954
39 32 981
60 40 7808
30 11 1117
87 60 1421
25 11 9893
21 9 1595
18 39 8744
97 71 3764
13 82 5150
12 64 4384
80 30 6830
52 94 5615
3 84 1487
54 35 6543
87 68 2643
76 28 3977
31 13 4856
62 77 8885
59 29 9834
8 70 9146
44 34 1444
61 66 3938
70 24 2337
48 15 1376
9 91 6725
15 30 6039
100 18 3570
4 34 1742
4 81 6933
12 26 2810
52 79 7175
92 82 2635
15 28 8961
45 24 5407
44 77 2175
0 49 7412
50 27 6736
31 14 601
77 8 5378
77 79 8577
97 95 2582
71 93 4415
94 35 7330
1 11 9784
53 56 1013
50 75 4636
93 90 5014
24 71 8743
91 43 9748
64 2 8041
92 94 4792
13 44 5851
20 7 8524
79 99 7632
26 81 2848
82 93 7071
24 27 529
21 84 5586
17 84 7624
43 78 9167
69 9 3921
51 3 8959
31 27 9311
65 19 998
20 100 2009
71 98 7455
48 43 5595
48 1 6048
71 65 241
1 43 5798
21 39 328
38 89 8782
54 3 6063
78 61 7372
2 45 2748
84 42 843
33 42 4199
92 77 901
80 63 9262
49 38 2349
21 2 4696
88 81 7972
92 25 7635
2 42 8822
95 85 4408
89 78 6120
5 1 4675
41 5 5483
33 17 4302
13 19 187
18 71 3199
17 2 7723
35 70 5142
65 53 3383
46 76 2214
97 23 9642
39 62 2711
53 33 9370
10 87 5814
18 22 1548
51 74 763
70 34 7312
1 44 1295
91 16 2223
31 86 5394
3 89 3559
90 42 5449
19 66 2628
33 8 8416
94 41 6142
37 100 9875
64 51 4570
98 77 9685
93 51 1857
93 64 1470
65 25 520
40 53 9125
27 26 136
7 17 3032
43 31 9539
17 86 8402
63 74 3304
7 35 1069
18 61 8809
80 94 9902
82 58 9174
93 35 3609
52 20 905
31 63 6720
63 64 9211
93 10 9796
25 42 3342
15 43 1975
27 2 3678
5 78 5644
12 23 9455
6 29 8668
39 84 4369
85 52 6208
25 15 7976
70 88 2777
57 4 5587
2 57 3853
19 94 3015
91 16 2120
30 16 5068
19 64 5115
24 81 6369
98 19 1778
3 86 8524
28 11 4889
36 19 278
39 45 3647
5 5 4342
14 63 6415
95 44 888
46 11 2815
43 12 8865
60 72 8624
51 92 680
34 41 7088
11 59 7398
98 10 9014
43 72 2183
20 66 8011
67 79 1865
39 65 207
86 18 5177
42 93 2225
98 61 2621
72 17 1822
47 94 5474
28 54 908
26 39 9550
2 78 6125
42 67 5188
85 99 2406
51 25 6125
50 71 6319
89 94 2113
70 89 8938
61 67 9512
62 65 12
49 85 9547
9 78 2510
60 17 245
12 60 7675
7 4 7487
100 34 7829
63 22 6338
79 69 6464
23 44 1724
86 20 1091
71 99 8924
52 88 3930
54 96 8783
66 36 3097
52 73 9811
35 59 3575
55 62 2171
71 8 3099
34 78 5403
23 14 5214
26 20 8711
19 16 6205
63 74 6584
12 49 7464
7 49 3048
11 43 2022
37 70 172
8 44 7503
16 48 3706
35 72 5526
58 25 4498
13 25 4514
66 49 5171
83 44 2825
57 16 9584
64 76 7909
0 18 7691
94 75 4729
23 48 1229
92 89 9579
84 83 9465
80 16 9555
17 91 8074
6 70 983
39 79 4924
20 60 3698
12 62 1443
85 20 889
13 16 7737
2 95 3974
99 7 9416
61 78 8043
85 95 8020
66 40 9597
45 37 9135
46 89 4912
22 100 72
18 23 4097
50 8 4940
80 90 3992
10 50 9672
90 4 8206
76 61 4327
44 92 6893
14 78 8655
83 9 3985
8 89 9148
95 52 8651
2 62 9146
73 69 8158
86 53 5832
59 84 5333
36 28 315
39 76 8680
99 3 5641
63 60 2066
81 7 7091
76 96 3151
67 3 4217
86 22 1142
11 100 2624
55 6 627
6 26 8813
37 69 5808
41 98 4732
14 1 9813
1 25 1692
63 59 4700
46 83 813
55 26 6485
20 6 9215
48 33 4744
40 78 5982
16 11 1274
55 49 8071
41 43 6581
0 69 5356
37 4 5645
84 7 3040
86 84 6270
55 20 3552
93 45 9122
30 90 4500
76 9 177
5 42 2485
16 44 4369
24 22 8646
29 21 6510
94 46 2589
28 25 8806
65 73 9140
35 79 6969
91 89 2472
14 95 1890
38 34 5544
45 47 5462
45 3 7921
68 49 6147
56 99 1451
10 98 7665
30 4 2962
85 24 7346
43 21 3803
63 96 5584
80 59 3432
75 76 5044
48 86 4303
5 69 4989
43 51 7179
57 7 8922
29 56 4267
0 26 824
56 16 4667
71 2 9015
20 10 5555
30 76 6317
87 97 9288
22 47 9057
86 45 2547
97 71 5568
83 31 8170
79 38 1663
60 32 3300
23 4 6941
43 23 1743
12 14 2091
65 91 2194
52 88 5509
41 19 3649
48 12 3717
8 5 1459
